"Longitude (x)","Latitude (y)","Station Name","Climate ID","Date/Time (LST)","Year","Month","Day","Time (LST)","Temp (°C)","Temp Flag","Dew Point Temp (°C)","Dew Point Temp Flag","Rel Hum (%)","Rel Hum Flag","Precip. Amount (mm)","Precip. Amount Flag","Wind Dir (10s deg)","Wind Dir Flag","Wind Spd (km/h)","Wind Spd Flag","Visibility (km)","Visibility Flag","Stn Press (kPa)","Stn Press Flag","Hmdx","Hmdx Flag","Wind Chill","Wind Chill Flag","Weather"
"-79.40","43.63","TORONTO CITY CENTRE","6158359","2021-01-01 00:00","2021","01","01","00:00","-1.3","","-4.7","","78","","0.0","","25","","4","","16.1","","102.17","","","","-3","","NA"
"-79.40","43.63","TORONTO CITY CENTRE","6158359","2021-01-01 01:00","2021","01","01","01:00","-1.2","","-3.6","","84","","0.0","","24","","4","","16.1","","102.16","","","","-3","","NA"
"-79.40","43.63","TORONTO CITY CENTRE","6158359","2021-01-01 02:00","2021","01","01","02:00","-1.8","","-3.2","","90","","0.0","","27","","4","","16.1","","102.19","","","","-3","","NA"
"-79.40","43.63","TORONTO CITY CENTRE","6158359","2021-01-01 03:00","2021","01","01","03:00","-2.0","","-3.3","","91","","0.0","","30","","5","","16.1","","102.26","","","","-4","","NA"
"-79.40","43.63","TORONTO CITY CENTRE","6158359","2021-01-01 04:00","2021","01","01","04:00","-1.4","","-3.5","","85","","0.0","","27","","5","","16.1","","102.24","","","","-3","","NA"
"-79.40","43.63","TORONTO CITY CENTRE","6158359","2021-01-01 05:00","2021","01","01","05:00","0.4","","-3.9","","73","","0.0","","31","","5","","16.1","","102.13","","","","","","NA"
"-79.40","43.63","TORONTO CITY CENTRE","6158359","2021-01-01 06:00","2021","01","01","06:00","0.0","","-3.2","","79","","0.0","","","","0","","16.1","","102.14","","","","","","NA"
"-79.40","43.63","TORONTO CITY CENTRE","6158359","2021-01-01 07:00","2021","01","01","07:00","0.5","","-3.6","","74","","0.0","","27","","5","","16.1","","102.15","","","","","","NA"
"-79.40","43.63","TORONTO CITY CENTRE","6158359","2021-01-01 08:00","2021","01","01","08:00","1.2","","-4.9","","64","","0.0","","15","","11","","16.1","","102.24","","","","","","NA"
"-79.40","43.63","TORONTO CITY CENTRE","6158359","2021-01-01 09:00","2021","01","01","09:00","1.4","","-4.6","","65","","0.0","","11","","8","","16.1","","102.16","","","","","","NA"
"-79.40","43.63","TORONTO CITY CENTRE","6158359","2021-01-01 10:00","2021","01","01","10:00","1.5","","-4.4","","65","","0.0","","11","","11","","16.1","","102.08","","","","","","NA"
"-79.40","43.63","TORONTO CITY CENTRE","6158359","2021-01-01 11:00","2021","01","01","11:00","1.7","","-4.2","","65","","0.0","","9","","13","","16.1","","101.98","","","","","","NA"
"-79.40","43.63","TORONTO CITY CENTRE","6158359","2021-01-01 12:00","2021","01","01","12:00","2.2","","-3.9","","64","","0.0","","11","","17","","16.1","","101.79","","","","","","NA"
"-79.40","43.63","TORONTO CITY CENTRE","6158359","2021-01-01 13:00","2021","01","01","13:00","2.1","","-4.0","","64","","0.0","","8","","26","","16.1","","101.63","","","","","","NA"
"-79.40","43.63","TORONTO CITY CENTRE","6158359","2021-01-01 14:00","2021","01","01","14:00","2.2","","-3.5","","66","","0.0","","8","","34","","16.1","","101.41","","","","","","NA"
"-79.40","43.63","TORONTO CITY CENTRE","6158359","2021-01-01 15:00","2021","01","01","15:00","2.3","","-3.1","","68","","0.0","","9","","34","","16.1","","101.29","","","","","","NA"
"-79.40","43.63","TORONTO CITY CENTRE","6158359","2021-01-01 16:00","2021","01","01","16:00","2.4","","-2.2","","72","","0.0","","9","","24","","16.1","","101.25","","","","","","NA"
"-79.40","43.63","TORONTO CITY CENTRE","6158359","2021-01-01 17:00","2021","01","01","17:00","2.3","","-2.0","","73","","0.0","","8","","21","","16.1","","101.19","","","","","","NA"
"-79.40","43.63","TORONTO CITY CENTRE","6158359","2021-01-01 18:00","2021","01","01","18:00","0.5","","-0.4","","94","","0.5","","9","","30","","4.0","","100.95","","","","","","Snow"
"-79.40","43.63","TORONTO CITY CENTRE","6158359","2021-01-01 19:00","2021","01","01","19:00","0.5","","-0.2","","95","","0.5","","9","","32","","4.8","","100.79","","","","","","Snow"
"-79.40","43.63","TORONTO CITY CENTRE","6158359","2021-01-01 20:00","2021","01","01","20:00","0.6","","0.0","","96","","2.0","","8","","32","","3.2","","100.63","","","","","","Snow"
"-79.40","43.63","TORONTO CITY CENTRE","6158359","2021-01-01 21:00","2021","01","01","21:00","1.2","","0.6","","96","","1.0","","9","","26","","6.4","","100.46","","","","","","Rain,Fog"
"-79.40","43.63","TORONTO CITY CENTRE","6158359","2021-01-01 22:00","2021","01","01","22:00","1.4","","0.8","","96","","0.0","","8","","30","","8.1","","100.25","","","","","","Fog"
"-79.40","43.63","TORONTO CITY CENTRE","6158359","2021-01-01 23:00","2021","01","01","23:00","1.7","","1.1","","96","","0.0","","8","","26","","16.1","","100.08","","","","","","NA"
"-79.40","43.63","TORONTO CITY CENTRE","6158359","2021-01-02 00:00","2021","01","02","00:00","2.0","","1.4","","96","","0.5","","8","","30","","16.1","","99.86","","","","","","Rain"
"-79.40","43.63","TORONTO CITY CENTRE","6158359","2021-01-02 01:00","2021","01","02","01:00","2.0","","1.4","","96","","1.8","","6","","28","","9.7","","99.72","","","","","","Rain,Fog"
"-79.40","43.63","TORONTO CITY CENTRE","6158359","2021-01-02 02:00","2021","01","02","02:00","2.1","","1.7","","97","","3.8","","7","","17","","9.7","","99.69","","","","","","Moderate Rain,Fog"
"-79.40","43.63","TORONTO CITY CENTRE","6158359","2021-01-02 03:00","2021","01","02","03:00","2.1","","1.2","","94","","3.0","","3","","15","","16.1","","99.62","","","","","","Moderate Rain"
"-79.40","43.63","TORONTO CITY CENTRE","6158359","2021-01-02 04:00","2021","01","02","04:00","0.6","","0.0","","96","","2.2","","33","","13","","2.4","","99.71","","","","","","Snow"
"-79.40","43.63","TORONTO CITY CENTRE","6158359","2021-01-02 05:00","2021","01","02","05:00","0.1","","-0.8","","94","","2.8","","35","","18","","2.8","","99.80","","","","","","Snow"
"-79.40","43.63","TORONTO CITY CENTRE","6158359","2021-01-02 06:00","2021","01","02","06:00","0.0","","-1.6","","89","","0.0","","33","","18","","16.1","","99.99","","","","-5","","Rain"
"-79.40","43.63","TORONTO CITY CENTRE","6158359","2021-01-02 07:00","2021","01","02","07:00","-0.2","","-2.1","","87","","0.0","","31","","15","","16.1","","100.22","","","","-5","","NA"
"-79.40","43.63","TORONTO CITY CENTRE","6158359","2021-01-02 08:00","2021","01","02","08:00","-0.5","","-2.6","","86","","0.0","","31","","13","","16.1","","100.44","","","","-5","","NA"
"-79.40","43.63","TORONTO CITY CENTRE","6158359","2021-01-02 09:00","2021","01","02","09:00","-0.5","","-2.8","","85","","0.0","","31","","9","","16.1","","100.58","","","","-4","","NA"
"-79.40","43.63","TORONTO CITY CENTRE","6158359","2021-01-02 10:00","2021","01","02","10:00","0.1","","-1.8","","87","","0.0","","29","","17","","16.1","","100.74","","","","","","NA"
"-79.40","43.63","TORONTO CITY CENTRE","6158359","2021-01-02 11:00","2021","01","02","11:00","0.6","","-1.6","","85","","0.0","","28","","8","","16.1","","100.79","","","","","","NA"
"-79.40","43.63","TORONTO CITY CENTRE","6158359","2021-01-02 12:00","2021","01","02","12:00","1.3","","-1.3","","83","","0.0","","31","","13","","16.1","","100.80","","","","","","NA"
"-79.40","43.63","TORONTO CITY CENTRE","6158359","2021-01-02 13:00","2021","01","02","13:00","1.6","","-1.0","","83","","0.0","","29","","17","","16.1","","100.82","","","","","","NA"
"-79.40","43.63","TORONTO CITY CENTRE","6158359","2021-01-02 14:00","2021","01","02","14:00","1.8","","-0.9","","82","","0.0","","30","","17","","16.1","","100.85","","","","","","NA"
"-79.40","43.63","TORONTO CITY CENTRE","6158359","2021-01-02 15:00","2021","01","02","15:00","1.7","","-1.0","","82","","0.0","","28","","11","","16.1","","100.96","","","","","","NA"
"-79.40","43.63","TORONTO CITY CENTRE","6158359","2021-01-02 16:00","2021","01","02","16:00","1.7","","-1.0","","82","","0.0","","28","","5","","16.1","","101.04","","","","","","NA"
"-79.40","43.63","TORONTO CITY CENTRE","6158359","2021-01-02 17:00","2021","01","02","17:00","1.9","","-2.4","","73","","0.0","","32","","8","","16.1","","101.05","","","","","","NA"
"-79.40","43.63","TORONTO CITY CENTRE","6158359","2021-01-02 18:00","2021","01","02","18:00","1.5","","-2.5","","75","","0.0","","31","","9","","16.1","","101.12","","","","","","NA"
"-79.40","43.63","TORONTO CITY CENTRE","6158359","2021-01-02 19:00","2021","01","02","19:00","1.5","","-2.5","","75","","0.0","","","M","8","","16.1","","101.15","","","","","","NA"
"-79.40","43.63","TORONTO CITY CENTRE","6158359","2021-01-02 20:00","2021","01","02","20:00","1.2","","-2.3","","78","","0.0","","","","0","","16.1","","101.14","","","","","","NA"
"-79.40","43.63","TORONTO CITY CENTRE","6158359","2021-01-02 21:00","2021","01","02","21:00","1.6","","-3.1","","71","","0.0","","","","0","","16.1","","101.11","","","","","","NA"
"-79.40","43.63","TORONTO CITY CENTRE","6158359","2021-01-02 22:00","2021","01","02","22:00","1.5","","-2.8","","73","","0.0","","","","0","","16.1","","101.07","","","","","","NA"
"-79.40","43.63","TORONTO CITY CENTRE","6158359","2021-01-02 23:00","2021","01","02","23:00","1.3","","-1.7","","80","","0.0","","9","","5","","16.1","","101.02","","","","","","NA"
"-79.40","43.63","TORONTO CITY CENTRE","6158359","2021-01-03 00:00","2021","01","03","00:00","0.9","","-1.7","","83","","0.0","","9","","9","","16.1","","100.98","","","","","","NA"
"-79.40","43.63","TORONTO CITY CENTRE","6158359","2021-01-03 01:00","2021","01","03","01:00","0.6","","-1.8","","84","","0.0","","7","","11","","16.1","","100.96","","","","","","NA"
"-79.40","43.63","TORONTO CITY CENTRE","6158359","2021-01-03 02:00","2021","01","03","02:00","0.8","","-1.6","","84","","0.0","","8","","9","","16.1","","100.92","","","","","","NA"
"-79.40","43.63","TORONTO CITY CENTRE","6158359","2021-01-03 03:00","2021","01","03","03:00","1.1","","-0.7","","88","","0.0","","9","","11","","16.1","","100.93","","","","","","NA"
"-79.40","43.63","TORONTO CITY CENTRE","6158359","2021-01-03 04:00","2021","01","03","04:00","1.4","","-1.2","","83","","0.0","","8","","15","","16.1","","100.78","","","","","","NA"
"-79.40","43.63","TORONTO CITY CENTRE","6158359","2021-01-03 05:00","2021","01","03","05:00","0.5","","-1.4","","87","","0.0","","5","","21","","16.1","","100.73","","","","","","NA"
"-79.40","43.63","TORONTO CITY CENTRE","6158359","2021-01-03 06:00","2021","01","03","06:00","0.8","","-0.8","","89","","0.0","","9","","13","","16.1","","100.75","","","","","","NA"
"-79.40","43.63","TORONTO CITY CENTRE","6158359","2021-01-03 07:00","2021","01","03","07:00","1.4","","-1.2","","83","","0.0","","9","","17","","16.1","","100.70","","","","","","NA"
"-79.40","43.63","TORONTO CITY CENTRE","6158359","2021-01-03 08:00","2021","01","03","08:00","1.4","","-1.2","","83","","0.0","","9","","22","","16.1","","100.57","","","","","","NA"
"-79.40","43.63","TORONTO CITY CENTRE","6158359","2021-01-03 09:00","2021","01","03","09:00","1.7","","-1.0","","82","","0.0","","9","","21","","16.1","","100.56","","","","","","NA"
"-79.40","43.63","TORONTO CITY CENTRE","6158359","2021-01-03 10:00","2021","01","03","10:00","1.7","","-0.4","","86","","0.0","","8","","18","","16.1","","100.53","","","","","","NA"
"-79.40","43.63","TORONTO CITY CENTRE","6158359","2021-01-03 11:00","2021","01","03","11:00","0.7","","0.1","","96","","0.5","","8","","13","","4.8","","100.44","","","","","","Snow"
"-79.40","43.63","TORONTO CITY CENTRE","6158359","2021-01-03 12:00","2021","01","03","12:00","1.2","","0.8","","97","","0.5","","9","","9","","16.1","","100.36","","","","","","Rain"
"-79.40","43.63","TORONTO CITY CENTRE","6158359","2021-01-03 13:00","2021","01","03","13:00","1.4","","0.7","","95","","0.0","","","M","4","","16.1","","100.29","","","","","","Rain"
"-79.40","43.63","TORONTO CITY CENTRE","6158359","2021-01-03 14:00","2021","01","03","14:00","1.4","","0.8","","96","","0.2","","28","","9","","14.5","","100.30","","","","","","NA"
"-79.40","43.63","TORONTO CITY CENTRE","6158359","2021-01-03 15:00","2021","01","03","15:00","1.9","","0.7","","92","","0.0","","30","","11","","16.1","","100.35","","","","","","Rain"
"-79.40","43.63","TORONTO CITY CENTRE","6158359","2021-01-03 16:00","2021","01","03","16:00","2.2","","0.6","","89","","0.0","","31","","11","","16.1","","100.39","","","","","","NA"
"-79.40","43.63","TORONTO CITY CENTRE","6158359","2021-01-03 17:00","2021","01","03","17:00","1.5","","-0.4","","87","","0.0","","30","","15","","16.1","","100.46","","","","","","NA"
"-79.40","43.63","TORONTO CITY CENTRE","6158359","2021-01-03 18:00","2021","01","03","18:00","1.3","","-0.6","","87","","0.0","","32","","13","","16.1","","100.51","","","","","","NA"
"-79.40","43.63","TORONTO CITY CENTRE","6158359","2021-01-03 19:00","2021","01","03","19:00","1.4","","-0.5","","87","","0.0","","36","","13","","16.1","","100.51","","","","","","NA"
"-79.40","43.63","TORONTO CITY CENTRE","6158359","2021-01-03 20:00","2021","01","03","20:00","1.3","","-0.5","","88","","0.0","","29","","9","","16.1","","100.60","","","","","","NA"
"-79.40","43.63","TORONTO CITY CENTRE","6158359","2021-01-03 21:00","2021","01","03","21:00","1.1","","-0.6","","89","","0.0","","28","","8","","16.1","","100.63","","","","","","NA"
"-79.40","43.63","TORONTO CITY CENTRE","6158359","2021-01-03 22:00","2021","01","03","22:00","0.8","","-0.4","","92","","0.0","","26","","9","","16.1","","100.64","","","","","","NA"
"-79.40","43.63","TORONTO CITY CENTRE","6158359","2021-01-03 23:00","2021","01","03","23:00","1.0","","-0.6","","89","","0.0","","31","","9","","16.1","","100.63","","","","","","NA"
"-79.40","43.63","TORONTO CITY CENTRE","6158359","2021-01-04 00:00","2021","01","04","00:00","0.9","","-0.9","","88","","0.0","","32","","9","","16.1","","100.65","","","","","","NA"
"-79.40","43.63","TORONTO CITY CENTRE","6158359","2021-01-04 01:00","2021","01","04","01:00","0.6","","-1.8","","84","","0.0","","33","","11","","16.1","","100.62","","","","","","NA"
"-79.40","43.63","TORONTO CITY CENTRE","6158359","2021-01-04 02:00","2021","01","04","02:00","0.6","","-1.8","","84","","0.0","","30","","9","","16.1","","100.68","","","","","","NA"
"-79.40","43.63","TORONTO CITY CENTRE","6158359","2021-01-04 03:00","2021","01","04","03:00","0.8","","-2.1","","81","","0.0","","1","","5","","16.1","","100.71","","","","","","NA"
"-79.40","43.63","TORONTO CITY CENTRE","6158359","2021-01-04 04:00","2021","01","04","04:00","0.6","","-2.1","","82","","0.0","","1","","8","","16.1","","100.73","","","","","","NA"
"-79.40","43.63","TORONTO CITY CENTRE","6158359","2021-01-04 05:00","2021","01","04","05:00","0.5","","-1.6","","86","","0.0","","33","","8","","16.1","","100.75","","","","","","NA"
"-79.40","43.63","TORONTO CITY CENTRE","6158359","2021-01-04 06:00","2021","01","04","06:00","0.5","","-1.9","","84","","0.0","","33","","5","","16.1","","100.78","","","","","","NA"
"-79.40","43.63","TORONTO CITY CENTRE","6158359","2021-01-04 07:00","2021","01","04","07:00","0.6","","-1.5","","86","","0.0","","32","","11","","16.1","","100.83","","","","","","NA"
"-79.40","43.63","TORONTO CITY CENTRE","6158359","2021-01-04 08:00","2021","01","04","08:00","0.6","","-1.5","","86","","0.0","","29","","8","","16.1","","100.88","","","","","","NA"
"-79.40","43.63","TORONTO CITY CENTRE","6158359","2021-01-04 09:00","2021","01","04","09:00","0.4","","-1.5","","87","","0.0","","32","","11","","11.3","","100.92","","","","","","NA"
"-79.40","43.63","TORONTO CITY CENTRE","6158359","2021-01-04 10:00","2021","01","04","10:00","0.1","","-1.8","","87","","0.0","","30","","11","","12.9","","100.93","","","","","","NA"
"-79.40","43.63","TORONTO CITY CENTRE","6158359","2021-01-04 11:00","2021","01","04","11:00","0.5","","-2.2","","82","","0.0","","","M","4","","16.1","","100.88","","","","","","NA"
"-79.40","43.63","TORONTO CITY CENTRE","6158359","2021-01-04 12:00","2021","01","04","12:00","0.6","","-1.8","","84","","0.0","","","M","4","","16.1","","100.77","","","","","","NA"
"-79.40","43.63","TORONTO CITY CENTRE","6158359","2021-01-04 13:00","2021","01","04","13:00","0.7","","-1.4","","86","","0.0","","22","","5","","16.1","","100.69","","","","","","NA"
"-79.40","43.63","TORONTO CITY CENTRE","6158359","2021-01-04 14:00","2021","01","04","14:00","1.0","","-1.1","","86","","0.0","","","","0","","16.1","","100.64","","","","","","NA"
"-79.40","43.63","TORONTO CITY CENTRE","6158359","2021-01-04 15:00","2021","01","04","15:00","1.2","","-0.9","","86","","0.0","","19","","8","","16.1","","100.64","","","","","","NA"
"-79.40","43.63","TORONTO CITY CENTRE","6158359","2021-01-04 16:00","2021","01","04","16:00","1.2","","-1.0","","85","","0.0","","17","","5","","16.1","","100.67","","","","","","NA"
"-79.40","43.63","TORONTO CITY CENTRE","6158359","2021-01-04 17:00","2021","01","04","17:00","1.1","","-0.8","","87","","0.0","","8","","5","","12.9","","100.68","","","","","","NA"
"-79.40","43.63","TORONTO CITY CENTRE","6158359","2021-01-04 18:00","2021","01","04","18:00","1.1","","-0.7","","88","","0.0","","9","","8","","12.9","","100.68","","","","","","NA"
"-79.40","43.63","TORONTO CITY CENTRE","6158359","2021-01-04 19:00","2021","01","04","19:00","1.2","","-0.7","","87","","0.0","","8","","8","","12.9","","100.69","","","","","","NA"
"-79.40","43.63","TORONTO CITY CENTRE","6158359","2021-01-04 20:00","2021","01","04","20:00","1.2","","-0.6","","88","","0.0","","8","","8","","12.9","","100.64","","","","","","NA"
"-79.40","43.63","TORONTO CITY CENTRE","6158359","2021-01-04 21:00","2021","01","04","21:00","1.2","","-0.4","","89","","0.0","","6","","13","","16.1","","100.59","","","","","","NA"
"-79.40","43.63","TORONTO CITY CENTRE","6158359","2021-01-04 22:00","2021","01","04","22:00","1.1","","-0.7","","88","","0.0","","7","","11","","16.1","","100.58","","","","","","NA"
"-79.40","43.63","TORONTO CITY CENTRE","6158359","2021-01-04 23:00","2021","01","04","23:00","1.0","","-0.6","","89","","0.0","","6","","13","","16.1","","100.54","","","","","","NA"
"-79.40","43.63","TORONTO CITY CENTRE","6158359","2021-01-05 00:00","2021","01","05","00:00","1.2","","-0.6","","88","","0.0","","8","","11","","16.1","","100.49","","","","","","NA"
"-79.40","43.63","TORONTO CITY CENTRE","6158359","2021-01-05 01:00","2021","01","05","01:00","1.2","","-0.6","","88","","0.0","","7","","15","","16.1","","100.50","","","","","","NA"
"-79.40","43.63","TORONTO CITY CENTRE","6158359","2021-01-05 02:00","2021","01","05","02:00","1.3","","-0.3","","89","","0.0","","7","","13","","16.1","","100.52","","","","","","NA"
"-79.40","43.63","TORONTO CITY CENTRE","6158359","2021-01-05 03:00","2021","01","05","03:00","1.3","","-0.1","","90","","0.0","","6","","17","","16.1","","100.50","","","","","","NA"
"-79.40","43.63","TORONTO CITY CENTRE","6158359","2021-01-05 04:00","2021","01","05","04:00","1.4","","-0.1","","90","","0.0","","6","","17","","16.1","","100.46","","","","","","NA"
"-79.40","43.63","TORONTO CITY CENTRE","6158359","2021-01-05 05:00","2021","01","05","05:00","1.4","","0.2","","92","","0.0","","6","","18","","16.1","","100.48","","","","","","NA"
"-79.40","43.63","TORONTO CITY CENTRE","6158359","2021-01-05 06:00","2021","01","05","06:00","1.0","","0.1","","94","","0.0","","7","","13","","11.3","","100.51","","","","","","NA"
"-79.40","43.63","TORONTO CITY CENTRE","6158359","2021-01-05 07:00","2021","01","05","07:00","0.4","","0.0","","97","","0.8","","7","","9","","1.6","","100.54","","","","","","Snow"
"-79.40","43.63","TORONTO CITY CENTRE","6158359","2021-01-05 08:00","2021","01","05","08:00","0.5","","-0.2","","95","","0.0","","7","","15","","11.3","","100.58","","","","","","NA"
"-79.40","43.63","TORONTO CITY CENTRE","6158359","2021-01-05 09:00","2021","01","05","09:00","0.8","","-0.2","","93","","0.0","","7","","15","","11.3","","100.62","","","","","","NA"
"-79.40","43.63","TORONTO CITY CENTRE","6158359","2021-01-05 10:00","2021","01","05","10:00","0.8","","-0.2","","93","","0.0","","6","","15","","9.7","","100.65","","","","","","Rain,Fog"
"-79.40","43.63","TORONTO CITY CENTRE","6158359","2021-01-05 11:00","2021","01","05","11:00","1.0","","-0.2","","92","","0.0","","6","","18","","11.3","","100.63","","","","","","NA"
"-79.40","43.63","TORONTO CITY CENTRE","6158359","2021-01-05 12:00","2021","01","05","12:00","1.2","","0.0","","92","","0.0","","7","","18","","12.9","","100.58","","","","","","Rain"
"-79.40","43.63","TORONTO CITY CENTRE","6158359","2021-01-05 13:00","2021","01","05","13:00","1.1","","-0.4","","90","","0.0","","7","","18","","16.1","","100.55","","","","","","NA"
"-79.40","43.63","TORONTO CITY CENTRE","6158359","2021-01-05 14:00","2021","01","05","14:00","1.1","","-0.8","","87","","0.0","","7","","17","","16.1","","100.61","","","","","","NA"
"-79.40","43.63","TORONTO CITY CENTRE","6158359","2021-01-05 15:00","2021","01","05","15:00","1.0","","-0.8","","88","","0.0","","8","","13","","14.5","","100.68","","","","","","Rain"
"-79.40","43.63","TORONTO CITY CENTRE","6158359","2021-01-05 16:00","2021","01","05","16:00","0.9","","-1.2","","86","","0.0","","9","","11","","14.5","","100.77","","","","","","NA"
"-79.40","43.63","TORONTO CITY CENTRE","6158359","2021-01-05 17:00","2021","01","05","17:00","1.0","","-0.9","","87","","0.0","","9","","9","","12.9","","100.84","","","","","","NA"
"-79.40","43.63","TORONTO CITY CENTRE","6158359","2021-01-05 18:00","2021","01","05","18:00","1.0","","-0.8","","88","","0.0","","8","","9","","12.9","","100.89","","","","","","NA"
"-79.40","43.63","TORONTO CITY CENTRE","6158359","2021-01-05 19:00","2021","01","05","19:00","1.4","","-1.6","","81","","0.0","","2","","9","","16.1","","100.94","","","","","","NA"
"-79.40","43.63","TORONTO CITY CENTRE","6158359","2021-01-05 20:00","2021","01","05","20:00","1.3","","-2.2","","78","","0.0","","32","","13","","16.1","","100.98","","","","","","NA"
"-79.40","43.63","TORONTO CITY CENTRE","6158359","2021-01-05 21:00","2021","01","05","21:00","1.4","","-2.4","","76","","0.0","","33","","9","","16.1","","101.02","","","","","","NA"
"-79.40","43.63","TORONTO CITY CENTRE","6158359","2021-01-05 22:00","2021","01","05","22:00","1.6","","-2.4","","75","","0.0","","31","","8","","16.1","","101.05","","","","","","NA"
"-79.40","43.63","TORONTO CITY CENTRE","6158359","2021-01-05 23:00","2021","01","05","23:00","1.6","","-2.5","","74","","0.0","","33","","8","","16.1","","101.06","","","","","","NA"
"-79.40","43.63","TORONTO CITY CENTRE","6158359","2021-01-06 00:00","2021","01","06","00:00","1.2","","-2.2","","78","","0.0","","31","","11","","16.1","","101.07","","","","","","NA"
"-79.40","43.63","TORONTO CITY CENTRE","6158359","2021-01-06 01:00","2021","01","06","01:00","1.2","","-2.8","","75","","0.0","","33","","13","","16.1","","101.12","","","","","","NA"
"-79.40","43.63","TORONTO CITY CENTRE","6158359","2021-01-06 02:00","2021","01","06","02:00","0.9","","-2.5","","78","","0.0","","31","","15","","16.1","","101.17","","","","","","NA"
"-79.40","43.63","TORONTO CITY CENTRE","6158359","2021-01-06 03:00","2021","01","06","03:00","0.9","","-2.7","","77","","0.0","","32","","13","","16.1","","101.22","","","","","","NA"
"-79.40","43.63","TORONTO CITY CENTRE","6158359","2021-01-06 04:00","2021","01","06","04:00","0.9","","-3.0","","75","","0.0","","32","","13","","16.1","","101.24","","","","","","NA"
"-79.40","43.63","TORONTO CITY CENTRE","6158359","2021-01-06 05:00","2021","01","06","05:00","0.9","","-3.6","","72","","0.0","","31","","17","","16.1","","101.25","","","","","","NA"
"-79.40","43.63","TORONTO CITY CENTRE","6158359","2021-01-06 06:00","2021","01","06","06:00","0.0","","-3.4","","78","","0.0","","32","","13","","16.1","","101.27","","","","-4","","NA"
"-79.40","43.63","TORONTO CITY CENTRE","6158359","2021-01-06 07:00","2021","01","06","07:00","0.0","","-4.5","","72","","0.0","","32","","13","","16.1","","101.34","","","","-4","","NA"
"-79.40","43.63","TORONTO CITY CENTRE","6158359","2021-01-06 08:00","2021","01","06","08:00","-0.1","","-3.7","","77","","0.0","","36","","18","","16.1","","101.39","","","","-5","","NA"
"-79.40","43.63","TORONTO CITY CENTRE","6158359","2021-01-06 09:00","2021","01","06","09:00","0.4","","-4.2","","71","","0.0","","1","","13","","16.1","","101.48","","","","","","NA"
"-79.40","43.63","TORONTO CITY CENTRE","6158359","2021-01-06 10:00","2021","01","06","10:00","0.7","","-4.2","","70","","0.0","","28","","9","","16.1","","101.48","","","","","","NA"
"-79.40","43.63","TORONTO CITY CENTRE","6158359","2021-01-06 11:00","2021","01","06","11:00","1.0","","-3.5","","72","","0.0","","31","","17","","16.1","","101.47","","","","","","NA"
"-79.40","43.63","TORONTO CITY CENTRE","6158359","2021-01-06 12:00","2021","01","06","12:00","1.8","","-3.2","","70","","0.0","","35","","9","","16.1","","101.37","","","","","","NA"
"-79.40","43.63","TORONTO CITY CENTRE","6158359","2021-01-06 13:00","2021","01","06","13:00","1.9","","-3.3","","69","","0.0","","34","","8","","16.1","","101.35","","","","","","NA"
"-79.40","43.63","TORONTO CITY CENTRE","6158359","2021-01-06 14:00","2021","01","06","14:00","1.9","","-3.8","","66","","0.0","","34","","17","","16.1","","101.38","","","","","","NA"
"-79.40","43.63","TORONTO CITY CENTRE","6158359","2021-01-06 15:00","2021","01","06","15:00","2.2","","-3.5","","66","","0.0","","36","","17","","16.1","","101.41","","","","","","NA"
"-79.40","43.63","TORONTO CITY CENTRE","6158359","2021-01-06 16:00","2021","01","06","16:00","2.0","","-3.5","","67","","0.0","","33","","18","","16.1","","101.49","","","","","","NA"
"-79.40","43.63","TORONTO CITY CENTRE","6158359","2021-01-06 17:00","2021","01","06","17:00","2.0","","-3.5","","67","","0.0","","34","","15","","16.1","","101.52","","","","","","NA"
"-79.40","43.63","TORONTO CITY CENTRE","6158359","2021-01-06 18:00","2021","01","06","18:00","2.0","","-3.7","","66","","0.0","","33","","11","","16.1","","101.55","","","","","","NA"
"-79.40","43.63","TORONTO CITY CENTRE","6158359","2021-01-06 19:00","2021","01","06","19:00","2.0","","-3.7","","66","","0.0","","33","","15","","16.1","","101.60","","","","","","NA"
"-79.40","43.63","TORONTO CITY CENTRE","6158359","2021-01-06 20:00","2021","01","06","20:00","1.9","","-3.5","","68","","0.0","","32","","11","","16.1","","101.63","","","","","","NA"
"-79.40","43.63","TORONTO CITY CENTRE","6158359","2021-01-06 21:00","2021","01","06","21:00","1.8","","-3.7","","67","","0.0","","34","","8","","16.1","","101.64","","","","","","NA"
"-79.40","43.63","TORONTO CITY CENTRE","6158359","2021-01-06 22:00","2021","01","06","22:00","1.5","","-4.2","","66","","0.0","","2","","11","","16.1","","101.63","","","","","","NA"
"-79.40","43.63","TORONTO CITY CENTRE","6158359","2021-01-06 23:00","2021","01","06","23:00","1.5","","-4.4","","65","","0.0","","31","","13","","16.1","","101.62","","","","","","NA"
"-79.40","43.63","TORONTO CITY CENTRE","6158359","2021-01-07 00:00","2021","01","07","00:00","1.3","","-4.2","","67","","0.0","","31","","17","","16.1","","101.61","","","","","","NA"
"-79.40","43.63","TORONTO CITY CENTRE","6158359","2021-01-07 01:00","2021","01","07","01:00","1.0","","-4.5","","67","","0.0","","32","","13","","16.1","","101.61","","","","","","NA"
"-79.40","43.63","TORONTO CITY CENTRE","6158359","2021-01-07 02:00","2021","01","07","02:00","0.5","","-4.5","","69","","0.0","","32","","15","","16.1","","101.64","","","","","","NA"
"-79.40","43.63","TORONTO CITY CENTRE","6158359","2021-01-07 03:00","2021","01","07","03:00","0.2","","-4.6","","70","","0.0","","32","","15","","16.1","","101.70","","","","","","NA"
"-79.40","43.63","TORONTO CITY CENTRE","6158359","2021-01-07 04:00","2021","01","07","04:00","-0.2","","-4.7","","72","","0.0","","32","","8","","16.1","","101.70","","","","-3","","NA"
"-79.40","43.63","TORONTO CITY CENTRE","6158359","2021-01-07 05:00","2021","01","07","05:00","-0.8","","-5.2","","72","","0.0","","33","","13","","16.1","","101.73","","","","-5","","NA"
"-79.40","43.63","TORONTO CITY CENTRE","6158359","2021-01-07 06:00","2021","01","07","06:00","-1.1","","-5.5","","72","","0.0","","30","","17","","16.1","","101.77","","","","-6","","NA"
"-79.40","43.63","TORONTO CITY CENTRE","6158359","2021-01-07 07:00","2021","01","07","07:00","-1.4","","-5.6","","73","","0.0","","34","","15","","16.1","","101.78","","","","-6","","NA"
"-79.40","43.63","TORONTO CITY CENTRE","6158359","2021-01-07 08:00","2021","01","07","08:00","-1.7","","-5.9","","73","","0.0","","1","","17","","16.1","","101.82","","","","-7","","NA"
"-79.40","43.63","TORONTO CITY CENTRE","6158359","2021-01-07 09:00","2021","01","07","09:00","-1.4","","-5.7","","73","","0.0","","4","","13","","16.1","","101.86","","","","-6","","NA"
"-79.40","43.63","TORONTO CITY CENTRE","6158359","2021-01-07 10:00","2021","01","07","10:00","-1.4","","-5.3","","75","","0.0","","30","","15","","16.1","","101.86","","","","-6","","NA"
"-79.40","43.63","TORONTO CITY CENTRE","6158359","2021-01-07 11:00","2021","01","07","11:00","-1.6","","-6.0","","72","","0.0","","31","","17","","16.1","","101.82","","","","-7","","NA"
"-79.40","43.63","TORONTO CITY CENTRE","6158359","2021-01-07 12:00","2021","01","07","12:00","-1.4","","-6.3","","69","","0.0","","32","","11","","16.1","","101.75","","","","-5","","NA"
"-79.40","43.63","TORONTO CITY CENTRE","6158359","2021-01-07 13:00","2021","01","07","13:00","-0.5","","-6.4","","65","","0.0","","33","","8","","16.1","","101.68","","","","-3","","NA"
"-79.40","43.63","TORONTO CITY CENTRE","6158359","2021-01-07 14:00","2021","01","07","14:00","0.5","","-7.1","","57","","0.0","","29","","8","","16.1","","101.65","","","","","","NA"
"-79.40","43.63","TORONTO CITY CENTRE","6158359","2021-01-07 15:00","2021","01","07","15:00","0.8","","-7.0","","56","","0.0","","31","","13","","16.1","","101.64","","","","","","NA"
"-79.40","43.63","TORONTO CITY CENTRE","6158359","2021-01-07 16:00","2021","01","07","16:00","0.3","","-7.2","","57","","0.0","","30","","17","","16.1","","101.68","","","","","","NA"
"-79.40","43.63","TORONTO CITY CENTRE","6158359","2021-01-07 17:00","2021","01","07","17:00","-0.6","","-8.1","","57","","0.0","","32","","17","","16.1","","101.69","","","","-6","","NA"
"-79.40","43.63","TORONTO CITY CENTRE","6158359","2021-01-07 18:00","2021","01","07","18:00","-1.0","","-8.3","","58","","0.0","","35","","17","","16.1","","101.70","","","","-6","","NA"
"-79.40","43.63","TORONTO CITY CENTRE","6158359","2021-01-07 19:00","2021","01","07","19:00","-1.4","","-7.4","","64","","0.0","","33","","15","","16.1","","101.71","","","","-6","","NA"
"-79.40","43.63","TORONTO CITY CENTRE","6158359","2021-01-07 20:00","2021","01","07","20:00","-2.1","","-7.2","","68","","0.0","","33","","9","","16.1","","101.70","","","","-6","","NA"
"-79.40","43.63","TORONTO CITY CENTRE","6158359","2021-01-07 21:00","2021","01","07","21:00","-2.4","","-7.9","","66","","0.0","","31","","9","","16.1","","101.72","","","","-6","","NA"
"-79.40","43.63","TORONTO CITY CENTRE","6158359","2021-01-07 22:00","2021","01","07","22:00","-2.4","","-8.5","","63","","0.0","","35","","15","","16.1","","101.65","","","","-7","","NA"
"-79.40","43.63","TORONTO CITY CENTRE","6158359","2021-01-07 23:00","2021","01","07","23:00","-3.0","","-8.7","","65","","0.0","","1","","13","","16.1","","101.61","","","","-8","","NA"
"-79.40","43.63","TORONTO CITY CENTRE","6158359","2021-01-08 00:00","2021","01","08","00:00","-3.6","","-8.7","","68","","0.0","","1","","15","","16.1","","101.55","","","","-9","","NA"
"-79.40","43.63","TORONTO CITY CENTRE","6158359","2021-01-08 01:00","2021","01","08","01:00","-4.1","","-8.5","","71","","0.0","","3","","15","","16.1","","101.54","","","","-9","","NA"
"-79.40","43.63","TORONTO CITY CENTRE","6158359","2021-01-08 02:00","2021","01","08","02:00","-4.7","","-9.2","","71","","0.0","","34","","9","","16.1","","101.53","","","","-9","","NA"
"-79.40","43.63","TORONTO CITY CENTRE","6158359","2021-01-08 03:00","2021","01","08","03:00","-5.6","","-9.8","","72","","0.0","","31","","11","","16.1","","101.53","","","","-10","","NA"
"-79.40","43.63","TORONTO CITY CENTRE","6158359","2021-01-08 04:00","2021","01","08","04:00","-6.3","","-9.9","","76","","0.0","","32","","13","","16.1","","101.53","","","","-12","","NA"
"-79.40","43.63","TORONTO CITY CENTRE","6158359","2021-01-08 05:00","2021","01","08","05:00","-7.2","","-10.1","","80","","0.0","","32","","13","","16.1","","101.50","","","","-13","","NA"
"-79.40","43.63","TORONTO CITY CENTRE","6158359","2021-01-08 06:00","2021","01","08","06:00","-7.4","","-10.1","","81","","0.0","","32","","9","","16.1","","101.48","","","","-12","","NA"
"-79.40","43.63","TORONTO CITY CENTRE","6158359","2021-01-08 07:00","2021","01","08","07:00","-7.1","","-9.8","","81","","0.0","","34","","13","","16.1","","101.46","","","","-13","","NA"
"-79.40","43.63","TORONTO CITY CENTRE","6158359","2021-01-08 08:00","2021","01","08","08:00","-7.3","","-9.6","","84","","0.0","","32","","13","","16.1","","101.49","","","","-13","","NA"
"-79.40","43.63","TORONTO CITY CENTRE","6158359","2021-01-08 09:00","2021","01","08","09:00","-7.3","","-9.4","","85","","0.0","","1","","11","","16.1","","101.49","","","","-12","","NA"
"-79.40","43.63","TORONTO CITY CENTRE","6158359","2021-01-08 10:00","2021","01","08","10:00","-7.3","","-9.9","","82","","0.0","","32","","13","","16.1","","101.47","","","","-13","","NA"
"-79.40","43.63","TORONTO CITY CENTRE","6158359","2021-01-08 11:00","2021","01","08","11:00","-5.9","","-10.0","","73","","0.0","","","M","4","","16.1","","101.42","","","","-8","","NA"
"-79.40","43.63","TORONTO CITY CENTRE","6158359","2021-01-08 12:00","2021","01","08","12:00","-4.9","","-9.9","","68","","0.0","","10","","8","","16.1","","101.33","","","","-8","","NA"
"-79.40","43.63","TORONTO CITY CENTRE","6158359","2021-01-08 13:00","2021","01","08","13:00","-4.5","","-9.0","","71","","0.0","","12","","8","","16.1","","101.26","","","","-8","","NA"
"-79.40","43.63","TORONTO CITY CENTRE","6158359","2021-01-08 14:00","2021","01","08","14:00","-4.4","","-8.5","","73","","0.0","","18","","8","","16.1","","101.21","","","","-8","","NA"
"-79.40","43.63","TORONTO CITY CENTRE","6158359","2021-01-08 15:00","2021","01","08","15:00","-4.0","","-8.0","","74","","0.0","","19","","8","","16.1","","101.17","","","","-7","","NA"
"-79.40","43.63","TORONTO CITY CENTRE","6158359","2021-01-08 16:00","2021","01","08","16:00","-3.6","","-7.7","","73","","0.0","","","M","4","","16.1","","101.19","","","","-5","","NA"
"-79.40","43.63","TORONTO CITY CENTRE","6158359","2021-01-08 17:00","2021","01","08","17:00","-4.2","","-7.3","","79","","0.0","","","","0","","16.1","","101.22","","","","","","NA"
"-79.40","43.63","TORONTO CITY CENTRE","6158359","2021-01-08 18:00","2021","01","08","18:00","-4.9","","-7.7","","81","","0.0","","20","","4","","16.1","","101.22","","","","-7","","NA"
"-79.40","43.63","TORONTO CITY CENTRE","6158359","2021-01-08 19:00","2021","01","08","19:00","-3.4","","-10.0","","61","","0.0","","","M","9","","16.1","","101.22","","","","-7","","NA"
"-79.40","43.63","TORONTO CITY CENTRE","6158359","2021-01-08 20:00","2021","01","08","20:00","-3.6","","-11.6","","54","","0.0","","31","","9","","16.1","","101.21","","","","-7","","NA"
"-79.40","43.63","TORONTO CITY CENTRE","6158359","2021-01-08 21:00","2021","01","08","21:00","-2.6","","-11.1","","52","","0.0","","34","","13","","16.1","","101.19","","","","-7","","NA"
"-79.40","43.63","TORONTO CITY CENTRE","6158359","2021-01-08 22:00","2021","01","08","22:00","-1.9","","-10.3","","53","","0.0","","32","","15","","16.1","","101.19","","","","-7","","NA"
"-79.40","43.63","TORONTO CITY CENTRE","6158359","2021-01-08 23:00","2021","01","08","23:00","-2.0","","-9.7","","56","","0.0","","34","","11","","16.1","","101.17","","","","-6","","NA"
"-79.40","43.63","TORONTO CITY CENTRE","6158359","2021-01-09 00:00","2021","01","09","00:00","-1.5","","-9.9","","53","","0.0","","35","","21","","16.1","","101.12","","","","-7","","NA"
"-79.40","43.63","TORONTO CITY CENTRE","6158359","2021-01-09 01:00","2021","01","09","01:00","-1.3","","-11.6","","46","","0.0","","34","","13","","16.1","","101.10","","","","-6","","NA"
"-79.40","43.63","TORONTO CITY CENTRE","6158359","2021-01-09 02:00","2021","01","09","02:00","-1.5","","-10.8","","49","","0.0","","34","","13","","16.1","","101.11","","","","-6","","NA"
"-79.40","43.63","TORONTO CITY CENTRE","6158359","2021-01-09 03:00","2021","01","09","03:00","-1.9","","-9.9","","54","","0.0","","32","","15","","16.1","","101.11","","","","-7","","NA"
"-79.40","43.63","TORONTO CITY CENTRE","6158359","2021-01-09 04:00","2021","01","09","04:00","-1.8","","-12.2","","45","","0.0","","33","","21","","16.1","","101.10","","","","-8","","NA"
"-79.40","43.63","TORONTO CITY CENTRE","6158359","2021-01-09 05:00","2021","01","09","05:00","-1.8","","-13.1","","42","","0.0","","33","","18","","16.1","","101.12","","","","-7","","NA"
"-79.40","43.63","TORONTO CITY CENTRE","6158359","2021-01-09 06:00","2021","01","09","06:00","-1.4","","-12.2","","44","","0.0","","33","","17","","16.1","","101.13","","","","-7","","NA"
"-79.40","43.63","TORONTO CITY CENTRE","6158359","2021-01-09 07:00","2021","01","09","07:00","-1.1","","-12.8","","41","","0.0","","35","","18","","16.1","","101.22","","","","-6","","NA"
"-79.40","43.63","TORONTO CITY CENTRE","6158359","2021-01-09 08:00","2021","01","09","08:00","-2.1","","-12.0","","47","","0.0","","30","","5","","16.1","","101.27","","","","-4","","NA"
"-79.40","43.63","TORONTO CITY CENTRE","6158359","2021-01-09 09:00","2021","01","09","09:00","-1.3","","-11.8","","45","","0.0","","29","","5","","16.1","","101.35","","","","-3","","NA"
"-79.40","43.63","TORONTO CITY CENTRE","6158359","2021-01-09 10:00","2021","01","09","10:00","0.7","","-14.4","","32","","0.0","","33","","15","","16.1","","101.35","","","","","","NA"
"-79.40","43.63","TORONTO CITY CENTRE","6158359","2021-01-09 11:00","2021","01","09","11:00","0.6","","-12.9","","36","","0.0","","30","","15","","16.1","","101.36","","","","","","NA"
"-79.40","43.63","TORONTO CITY CENTRE","6158359","2021-01-09 12:00","2021","01","09","12:00","1.6","","-12.8","","34","","0.0","","30","","9","","16.1","","101.28","","","","","","NA"
"-79.40","43.63","TORONTO CITY CENTRE","6158359","2021-01-09 13:00","2021","01","09","13:00","4.1","","-14.3","","25","","0.0","","33","","13","","16.1","","101.19","","","","","","NA"
"-79.40","43.63","TORONTO CITY CENTRE","6158359","2021-01-09 14:00","2021","01","09","14:00","3.9","","-12.7","","29","","0.0","","32","","17","","16.1","","101.18","","","","","","NA"
"-79.40","43.63","TORONTO CITY CENTRE","6158359","2021-01-09 15:00","2021","01","09","15:00","4.2","","-11.6","","31","","0.0","","31","","13","","16.1","","101.19","","","","","","NA"
"-79.40","43.63","TORONTO CITY CENTRE","6158359","2021-01-09 16:00","2021","01","09","16:00","3.7","","-11.2","","33","","0.0","","33","","18","","16.1","","101.21","","","","","","NA"
"-79.40","43.63","TORONTO CITY CENTRE","6158359","2021-01-09 17:00","2021","01","09","17:00","2.0","","-9.0","","44","","0.0","","32","","18","","16.1","","101.27","","","","","","NA"
"-79.40","43.63","TORONTO CITY CENTRE","6158359","2021-01-09 18:00","2021","01","09","18:00","0.8","","-7.3","","55","","0.0","","32","","26","","16.1","","101.29","","","","","","NA"
"-79.40","43.63","TORONTO CITY CENTRE","6158359","2021-01-09 19:00","2021","01","09","19:00","0.5","","-6.4","","60","","0.0","","32","","21","","16.1","","101.30","","","","","","NA"
"-79.40","43.63","TORONTO CITY CENTRE","6158359","2021-01-09 20:00","2021","01","09","20:00","0.2","","-5.4","","66","","0.0","","32","","24","","16.1","","101.30","","","","","","NA"
"-79.40","43.63","TORONTO CITY CENTRE","6158359","2021-01-09 21:00","2021","01","09","21:00","0.3","","-4.4","","71","","0.0","","33","","18","","16.1","","101.31","","","","","","NA"
"-79.40","43.63","TORONTO CITY CENTRE","6158359","2021-01-09 22:00","2021","01","09","22:00","-0.1","","-3.7","","77","","0.0","","32","","13","","16.1","","101.34","","","","-4","","NA"
"-79.40","43.63","TORONTO CITY CENTRE","6158359","2021-01-09 23:00","2021","01","09","23:00","-0.5","","-3.7","","79","","0.0","","32","","15","","16.1","","101.34","","","","-5","","NA"
"-79.40","43.63","TORONTO CITY CENTRE","6158359","2021-01-10 00:00","2021","01","10","00:00","-0.7","","-3.7","","80","","0.0","","32","","8","","16.1","","101.39","","","","-4","","NA"
"-79.40","43.63","TORONTO CITY CENTRE","6158359","2021-01-10 01:00","2021","01","10","01:00","-1.0","","-3.7","","82","","0.0","","31","","11","","16.1","","101.40","","","","-5","","NA"
"-79.40","43.63","TORONTO CITY CENTRE","6158359","2021-01-10 02:00","2021","01","10","02:00","-1.0","","-3.5","","83","","0.0","","31","","11","","16.1","","101.43","","","","-5","","NA"
"-79.40","43.63","TORONTO CITY CENTRE","6158359","2021-01-10 03:00","2021","01","10","03:00","-1.1","","-3.5","","84","","0.0","","31","","9","","16.1","","101.47","","","","-4","","NA"
"-79.40","43.63","TORONTO CITY CENTRE","6158359","2021-01-10 04:00","2021","01","10","04:00","-1.1","","-3.3","","85","","0.0","","32","","11","","16.1","","101.51","","","","-5","","NA"
"-79.40","43.63","TORONTO CITY CENTRE","6158359","2021-01-10 05:00","2021","01","10","05:00","-0.9","","-3.1","","85","","0.0","","34","","8","","16.1","","101.53","","","","-4","","NA"
"-79.40","43.63","TORONTO CITY CENTRE","6158359","2021-01-10 06:00","2021","01","10","06:00","-0.9","","-3.3","","84","","0.0","","33","","9","","16.1","","101.54","","","","-4","","NA"
"-79.40","43.63","TORONTO CITY CENTRE","6158359","2021-01-10 07:00","2021","01","10","07:00","-1.1","","-3.6","","83","","0.0","","31","","9","","16.1","","101.61","","","","-4","","NA"
"-79.40","43.63","TORONTO CITY CENTRE","6158359","2021-01-10 08:00","2021","01","10","08:00","-0.9","","-3.8","","81","","0.0","","","M","8","","16.1","","101.66","","","","-4","","NA"
"-79.40","43.63","TORONTO CITY CENTRE","6158359","2021-01-10 09:00","2021","01","10","09:00","-0.3","","-3.5","","79","","0.0","","29","","5","","16.1","","101.72","","","","-2","","NA"
"-79.40","43.63","TORONTO CITY CENTRE","6158359","2021-01-10 10:00","2021","01","10","10:00","-0.2","","-3.1","","81","","0.0","","25","","15","","16.1","","101.78","","","","-5","","NA"
"-79.40","43.63","TORONTO CITY CENTRE","6158359","2021-01-10 11:00","2021","01","10","11:00","-0.2","","-2.8","","83","","0.0","","23","","17","","16.1","","101.78","","","","-5","","NA"
"-79.40","43.63","TORONTO CITY CENTRE","6158359","2021-01-10 12:00","2021","01","10","12:00","0.0","","-3.0","","80","","0.0","","24","","9","","16.1","","101.69","","","","-3","","NA"
"-79.40","43.63","TORONTO CITY CENTRE","6158359","2021-01-10 13:00","2021","01","10","13:00","0.4","","-2.7","","80","","0.0","","22","","11","","16.1","","101.65","","","","","","NA"
"-79.40","43.63","TORONTO CITY CENTRE","6158359","2021-01-10 14:00","2021","01","10","14:00","1.1","","-2.1","","80","","0.0","","21","","13","","16.1","","101.63","","","","","","NA"
"-79.40","43.63","TORONTO CITY CENTRE","6158359","2021-01-10 15:00","2021","01","10","15:00","1.9","","-2.3","","74","","0.0","","20","","15","","16.1","","101.62","","","","","","NA"
"-79.40","43.63","TORONTO CITY CENTRE","6158359","2021-01-10 16:00","2021","01","10","16:00","2.2","","-3.3","","67","","0.0","","26","","18","","16.1","","101.62","","","","","","NA"
"-79.40","43.63","TORONTO CITY CENTRE","6158359","2021-01-10 17:00","2021","01","10","17:00","1.0","","-3.9","","70","","0.0","","27","","17","","16.1","","101.64","","","","","","NA"
"-79.40","43.63","TORONTO CITY CENTRE","6158359","2021-01-10 18:00","2021","01","10","18:00","0.6","","-4.3","","70","","0.0","","28","","15","","16.1","","101.70","","","","","","NA"
"-79.40","43.63","TORONTO CITY CENTRE","6158359","2021-01-10 19:00","2021","01","10","19:00","0.3","","-4.2","","72","","0.0","","28","","9","","16.1","","101.70","","","","","","NA"
"-79.40","43.63","TORONTO CITY CENTRE","6158359","2021-01-10 20:00","2021","01","10","20:00","-0.1","","-4.2","","74","","0.0","","28","","11","","16.1","","101.71","","","","-4","","NA"
"-79.40","43.63","TORONTO CITY CENTRE","6158359","2021-01-10 21:00","2021","01","10","21:00","-0.5","","-4.2","","76","","0.0","","28","","11","","16.1","","101.67","","","","-4","","NA"
"-79.40","43.63","TORONTO CITY CENTRE","6158359","2021-01-10 22:00","2021","01","10","22:00","-1.1","","-4.8","","76","","0.0","","28","","9","","16.1","","101.66","","","","-4","","NA"
"-79.40","43.63","TORONTO CITY CENTRE","6158359","2021-01-10 23:00","2021","01","10","23:00","-1.3","","-4.7","","78","","0.0","","27","","9","","16.1","","101.68","","","","-5","","NA"
"-79.40","43.63","TORONTO CITY CENTRE","6158359","2021-01-11 00:00","2021","01","11","00:00","-1.6","","-4.6","","80","","0.0","","29","","9","","16.1","","101.65","","","","-5","","NA"
"-79.40","43.63","TORONTO CITY CENTRE","6158359","2021-01-11 01:00","2021","01","11","01:00","-1.8","","-4.7","","81","","0.0","","27","","8","","16.1","","101.64","","","","-5","","NA"
"-79.40","43.63","TORONTO CITY CENTRE","6158359","2021-01-11 02:00","2021","01","11","02:00","-2.1","","-5.0","","81","","0.0","","31","","8","","16.1","","101.63","","","","-5","","NA"
"-79.40","43.63","TORONTO CITY CENTRE","6158359","2021-01-11 03:00","2021","01","11","03:00","-2.7","","-5.4","","82","","0.0","","29","","15","","16.1","","101.63","","","","-8","","NA"
"-79.40","43.63","TORONTO CITY CENTRE","6158359","2021-01-11 04:00","2021","01","11","04:00","-2.9","","-5.7","","81","","0.0","","29","","11","","16.1","","101.58","","","","-7","","NA"
"-79.40","43.63","TORONTO CITY CENTRE","6158359","2021-01-11 05:00","2021","01","11","05:00","-3.0","","-5.8","","81","","0.0","","29","","13","","16.1","","101.56","","","","-8","","NA"
"-79.40","43.63","TORONTO CITY CENTRE","6158359","2021-01-11 06:00","2021","01","11","06:00","-2.5","","-5.5","","80","","0.0","","30","","13","","16.1","","101.54","","","","-7","","NA"
"-79.40","43.63","TORONTO CITY CENTRE","6158359","2021-01-11 07:00","2021","01","11","07:00","-3.1","","-5.8","","82","","0.0","","26","","9","","16.1","","101.54","","","","-7","","NA"
"-79.40","43.63","TORONTO CITY CENTRE","6158359","2021-01-11 08:00","2021","01","11","08:00","-2.5","","-5.3","","81","","0.0","","27","","9","","16.1","","101.51","","","","-6","","NA"
"-79.40","43.63","TORONTO CITY CENTRE","6158359","2021-01-11 09:00","2021","01","11","09:00","-1.6","","-4.4","","81","","0.0","","24","","8","","16.1","","101.52","","","","-5","","NA"
"-79.40","43.63","TORONTO CITY CENTRE","6158359","2021-01-11 10:00","2021","01","11","10:00","-0.7","","-3.6","","81","","0.0","","22","","9","","16.1","","101.46","","","","-4","","NA"
"-79.40","43.63","TORONTO CITY CENTRE","6158359","2021-01-11 11:00","2021","01","11","11:00","0.0","","-2.7","","82","","0.0","","23","","15","","11.3","","101.38","","","","-4","","NA"
"-79.40","43.63","TORONTO CITY CENTRE","6158359","2021-01-11 12:00","2021","01","11","12:00","0.4","","-2.0","","84","","0.0","","24","","15","","8.1","","101.27","","","","","","Fog"
"-79.40","43.63","TORONTO CITY CENTRE","6158359","2021-01-11 13:00","2021","01","11","13:00","1.0","","-2.8","","76","","0.0","","27","","28","","9.7","","101.19","","","","","","Haze"
"-79.40","43.63","TORONTO CITY CENTRE","6158359","2021-01-11 14:00","2021","01","11","14:00","0.3","","-3.4","","76","","0.0","","24","","17","","9.7","","101.13","","","","","","Haze"
"-79.40","43.63","TORONTO CITY CENTRE","6158359","2021-01-11 15:00","2021","01","11","15:00","0.9","","-3.2","","74","","0.0","","23","","22","","12.9","","101.11","","","","","","NA"
"-79.40","43.63","TORONTO CITY CENTRE","6158359","2021-01-11 16:00","2021","01","11","16:00","1.1","","-3.4","","72","","0.0","","24","","30","","16.1","","101.09","","","","","","NA"
"-79.40","43.63","TORONTO CITY CENTRE","6158359","2021-01-11 17:00","2021","01","11","17:00","0.4","","-5.2","","66","","0.0","","27","","24","","16.1","","101.10","","","","","","Rain"
"-79.40","43.63","TORONTO CITY CENTRE","6158359","2021-01-11 18:00","2021","01","11","18:00","0.1","","-5.3","","67","","0.0","","25","","28","","16.1","","101.12","","","","","","NA"
"-79.40","43.63","TORONTO CITY CENTRE","6158359","2021-01-11 19:00","2021","01","11","19:00","0.2","","-4.8","","69","","0.0","","24","","24","","16.1","","101.11","","","","","","NA"
"-79.40","43.63","TORONTO CITY CENTRE","6158359","2021-01-11 20:00","2021","01","11","20:00","0.3","","-4.7","","69","","0.0","","24","","24","","16.1","","101.11","","","","","","NA"
"-79.40","43.63","TORONTO CITY CENTRE","6158359","2021-01-11 21:00","2021","01","11","21:00","0.3","","-4.5","","70","","0.0","","24","","26","","16.1","","101.08","","","","","","NA"
"-79.40","43.63","TORONTO CITY CENTRE","6158359","2021-01-11 22:00","2021","01","11","22:00","0.2","","-4.3","","72","","0.0","","25","","26","","16.1","","101.09","","","","","","NA"
"-79.40","43.63","TORONTO CITY CENTRE","6158359","2021-01-11 23:00","2021","01","11","23:00","0.3","","-4.2","","72","","0.0","","24","","34","","16.1","","101.09","","","","","","NA"
"-79.40","43.63","TORONTO CITY CENTRE","6158359","2021-01-12 00:00","2021","01","12","00:00","0.3","","-4.4","","71","","0.0","","24","","28","","12.9","","101.07","","","","","","NA"
"-79.40","43.63","TORONTO CITY CENTRE","6158359","2021-01-12 01:00","2021","01","12","01:00","0.1","","-3.7","","75","","0.0","","24","","24","","11.3","","101.08","","","","","","NA"
"-79.40","43.63","TORONTO CITY CENTRE","6158359","2021-01-12 02:00","2021","01","12","02:00","-0.5","","-4.1","","77","","0.0","","24","","26","","9.7","","101.09","","","","-7","","Snow"
"-79.40","43.63","TORONTO CITY CENTRE","6158359","2021-01-12 03:00","2021","01","12","03:00","-0.4","","-4.4","","74","","0.0","","23","","26","","14.5","","101.10","","","","-7","","NA"
"-79.40","43.63","TORONTO CITY CENTRE","6158359","2021-01-12 04:00","2021","01","12","04:00","-0.4","","-4.2","","75","","0.0","","24","","26","","16.1","","101.07","","","","-7","","NA"
"-79.40","43.63","TORONTO CITY CENTRE","6158359","2021-01-12 05:00","2021","01","12","05:00","-0.6","","-4.4","","76","","0.0","","24","","28","","14.5","","101.07","","","","-7","","NA"
"-79.40","43.63","TORONTO CITY CENTRE","6158359","2021-01-12 06:00","2021","01","12","06:00","-0.7","","-4.2","","77","","0.0","","25","","24","","12.9","","101.06","","","","-7","","NA"
"-79.40","43.63","TORONTO CITY CENTRE","6158359","2021-01-12 07:00","2021","01","12","07:00","-0.8","","-4.2","","78","","0.0","","24","","24","","12.9","","101.08","","","","-7","","NA"
"-79.40","43.63","TORONTO CITY CENTRE","6158359","2021-01-12 08:00","2021","01","12","08:00","-0.9","","-3.9","","80","","0.0","","23","","22","","11.3","","101.08","","","","-7","","NA"
"-79.40","43.63","TORONTO CITY CENTRE","6158359","2021-01-12 09:00","2021","01","12","09:00","-0.8","","-4.2","","78","","0.0","","24","","18","","9.7","","101.10","","","","-6","","Haze"
"-79.40","43.63","TORONTO CITY CENTRE","6158359","2021-01-12 10:00","2021","01","12","10:00","-0.7","","-4.4","","76","","0.0","","24","","22","","12.9","","101.13","","","","-6","","NA"
"-79.40","43.63","TORONTO CITY CENTRE","6158359","2021-01-12 11:00","2021","01","12","11:00","-0.7","","-4.2","","77","","0.0","","24","","17","","12.9","","101.09","","","","-6","","NA"
"-79.40","43.63","TORONTO CITY CENTRE","6158359","2021-01-12 12:00","2021","01","12","12:00","-0.7","","-4.1","","78","","0.0","","24","","17","","11.3","","100.98","","","","-6","","NA"
"-79.40","43.63","TORONTO CITY CENTRE","6158359","2021-01-12 13:00","2021","01","12","13:00","-0.8","","-3.8","","80","","0.0","","24","","17","","12.9","","100.95","","","","-6","","Snow"
"-79.40","43.63","TORONTO CITY CENTRE","6158359","2021-01-12 14:00","2021","01","12","14:00","-1.0","","-3.1","","86","","0.0","","24","","22","","16.1","","100.91","","","","-7","","Snow"
"-79.40","43.63","TORONTO CITY CENTRE","6158359","2021-01-12 15:00","2021","01","12","15:00","-1.1","","-2.7","","89","","0.0","","25","","17","","6.4","","100.92","","","","-6","","Snow"
"-79.40","43.63","TORONTO CITY CENTRE","6158359","2021-01-12 16:00","2021","01","12","16:00","-1.0","","-2.0","","93","","0.0","","25","","11","","4.8","","100.90","","","","-5","","Snow"
"-79.40","43.63","TORONTO CITY CENTRE","6158359","2021-01-12 17:00","2021","01","12","17:00","-0.8","","-1.9","","92","","0.0","","25","","15","","6.4","","100.88","","","","-5","","Snow"
"-79.40","43.63","TORONTO CITY CENTRE","6158359","2021-01-12 18:00","2021","01","12","18:00","-0.5","","-1.9","","90","","0.0","","24","","18","","16.1","","100.91","","","","-6","","Snow"
"-79.40","43.63","TORONTO CITY CENTRE","6158359","2021-01-12 19:00","2021","01","12","19:00","-0.4","","-2.2","","88","","0.0","","25","","18","","16.1","","100.87","","","","-5","","NA"
"-79.40","43.63","TORONTO CITY CENTRE","6158359","2021-01-12 20:00","2021","01","12","20:00","-0.5","","-2.6","","86","","0.0","","25","","21","","16.1","","100.90","","","","-6","","NA"
"-79.40","43.63","TORONTO CITY CENTRE","6158359","2021-01-12 21:00","2021","01","12","21:00","-0.5","","-2.6","","86","","0.0","","25","","21","","16.1","","100.89","","","","-6","","NA"
"-79.40","43.63","TORONTO CITY CENTRE","6158359","2021-01-12 22:00","2021","01","12","22:00","-0.5","","-2.5","","86","","0.0","","24","","13","","14.5","","100.84","","","","-5","","NA"
"-79.40","43.63","TORONTO CITY CENTRE","6158359","2021-01-12 23:00","2021","01","12","23:00","-0.5","","-2.4","","87","","0.0","","25","","17","","11.3","","100.80","","","","-5","","NA"
"-79.40","43.63","TORONTO CITY CENTRE","6158359","2021-01-13 00:00","2021","01","13","00:00","-0.4","","-2.3","","87","","0.0","","24","","17","","9.7","","100.75","","","","-5","","Fog"
"-79.40","43.63","TORONTO CITY CENTRE","6158359","2021-01-13 01:00","2021","01","13","01:00","-0.5","","-2.3","","88","","0.0","","24","","18","","8.1","","100.72","","","","-6","","Fog"
"-79.40","43.63","TORONTO CITY CENTRE","6158359","2021-01-13 02:00","2021","01","13","02:00","-0.4","","-2.2","","88","","0.0","","24","","18","","8.1","","100.68","","","","-5","","Fog"
"-79.40","43.63","TORONTO CITY CENTRE","6158359","2021-01-13 03:00","2021","01","13","03:00","-0.1","","-1.9","","88","","0.0","","24","","21","","9.7","","100.67","","","","-6","","Fog"
"-79.40","43.63","TORONTO CITY CENTRE","6158359","2021-01-13 04:00","2021","01","13","04:00","0.1","","-2.3","","84","","0.0","","27","","18","","9.7","","100.59","","","","","","Fog"
"-79.40","43.63","TORONTO CITY CENTRE","6158359","2021-01-13 05:00","2021","01","13","05:00","0.2","","-1.9","","86","","0.0","","22","","21","","8.1","","100.52","","","","","","Fog"
"-79.40","43.63","TORONTO CITY CENTRE","6158359","2021-01-13 06:00","2021","01","13","06:00","0.5","","-0.8","","91","","0.0","","23","","21","","6.4","","100.53","","","","","","Rain,Fog"
"-79.40","43.63","TORONTO CITY CENTRE","6158359","2021-01-13 07:00","2021","01","13","07:00","0.9","","-0.1","","93","","0.0","","22","","21","","4.0","","100.37","","","","","","Fog"
"-79.40","43.63","TORONTO CITY CENTRE","6158359","2021-01-13 08:00","2021","01","13","08:00","1.2","","-0.9","","86","","0.0","","23","","24","","8.1","","100.31","","","","","","Fog"
"-79.40","43.63","TORONTO CITY CENTRE","6158359","2021-01-13 09:00","2021","01","13","09:00","1.7","","-0.4","","86","","0.0","","22","","32","","6.4","","100.28","","","","","","Fog"
"-79.40","43.63","TORONTO CITY CENTRE","6158359","2021-01-13 10:00","2021","01","13","10:00","2.0","","-0.2","","86","","0.0","","23","","30","","6.4","","100.31","","","","","","Fog"
"-79.40","43.63","TORONTO CITY CENTRE","6158359","2021-01-13 11:00","2021","01","13","11:00","2.2","","-0.2","","84","","0.0","","22","","24","","8.1","","100.21","","","","","","Fog"
"-79.40","43.63","TORONTO CITY CENTRE","6158359","2021-01-13 12:00","2021","01","13","12:00","2.3","","-0.1","","84","","0.0","","22","","24","","8.1","","100.07","","","","","","Fog"
"-79.40","43.63","TORONTO CITY CENTRE","6158359","2021-01-13 13:00","2021","01","13","13:00","2.9","","-0.6","","78","","0.0","","23","","26","","12.9","","99.91","","","","","","NA"
"-79.40","43.63","TORONTO CITY CENTRE","6158359","2021-01-13 14:00","2021","01","13","14:00","3.5","","0.0","","78","","0.0","","22","","26","","12.9","","99.84","","","","","","NA"
"-79.40","43.63","TORONTO CITY CENTRE","6158359","2021-01-13 15:00","2021","01","13","15:00","3.5","","0.2","","79","","0.0","","23","","28","","12.9","","99.84","","","","","","NA"
"-79.40","43.63","TORONTO CITY CENTRE","6158359","2021-01-13 16:00","2021","01","13","16:00","3.1","","0.3","","82","","0.0","","21","","30","","12.9","","99.81","","","","","","NA"
"-79.40","43.63","TORONTO CITY CENTRE","6158359","2021-01-13 17:00","2021","01","13","17:00","2.9","","0.3","","83","","0.0","","22","","30","","11.3","","99.79","","","","","","NA"
"-79.40","43.63","TORONTO CITY CENTRE","6158359","2021-01-13 18:00","2021","01","13","18:00","2.9","","0.3","","83","","0.0","","23","","21","","9.7","","99.81","","","","","","Haze"
"-79.40","43.63","TORONTO CITY CENTRE","6158359","2021-01-13 19:00","2021","01","13","19:00","2.5","","-0.1","","83","","0.0","","25","","17","","11.3","","99.83","","","","","","NA"
"-79.40","43.63","TORONTO CITY CENTRE","6158359","2021-01-13 20:00","2021","01","13","20:00","2.1","","0.2","","87","","0.0","","25","","8","","9.7","","99.83","","","","","","Fog"
"-79.40","43.63","TORONTO CITY CENTRE","6158359","2021-01-13 21:00","2021","01","13","21:00","1.8","","0.5","","91","","0.0","","22","","5","","8.1","","99.80","","","","","","Fog"
"-79.40","43.63","TORONTO CITY CENTRE","6158359","2021-01-13 22:00","2021","01","13","22:00","0.8","","-0.5","","91","","0.0","","27","","4","","8.1","","99.77","","","","","","Fog"
"-79.40","43.63","TORONTO CITY CENTRE","6158359","2021-01-13 23:00","2021","01","13","23:00","-0.3","","-1.0","","95","","0.0","","","","0","","6.4","","99.77","","","","","","Fog"
"-79.40","43.63","TORONTO CITY CENTRE","6158359","2021-01-14 00:00","2021","01","14","00:00","-0.3","","-0.7","","97","","0.0","","","","0","","4.8","","99.74","","","","","","Fog"
"-79.40","43.63","TORONTO CITY CENTRE","6158359","2021-01-14 01:00","2021","01","14","01:00","0.9","","-0.4","","91","","0.0","","28","","8","","8.1","","99.74","","","","","","Fog"
"-79.40","43.63","TORONTO CITY CENTRE","6158359","2021-01-14 02:00","2021","01","14","02:00","2.0","","-0.3","","85","","0.0","","25","","8","","11.3","","99.75","","","","","","NA"
"-79.40","43.63","TORONTO CITY CENTRE","6158359","2021-01-14 03:00","2021","01","14","03:00","2.0","","0.3","","88","","0.0","","20","","5","","8.1","","99.78","","","","","","Fog"
"-79.40","43.63","TORONTO CITY CENTRE","6158359","2021-01-14 04:00","2021","01","14","04:00","1.9","","0.6","","91","","0.0","","27","","4","","6.4","","99.77","","","","","","Fog"
"-79.40","43.63","TORONTO CITY CENTRE","6158359","2021-01-14 05:00","2021","01","14","05:00","2.0","","0.4","","89","","0.0","","25","","4","","8.1","","99.78","","","","","","Fog"
"-79.40","43.63","TORONTO CITY CENTRE","6158359","2021-01-14 06:00","2021","01","14","06:00","1.9","","0.1","","88","","0.0","","26","","4","","8.1","","99.81","","","","","","Fog"
"-79.40","43.63","TORONTO CITY CENTRE","6158359","2021-01-14 07:00","2021","01","14","07:00","1.9","","0.0","","87","","0.0","","27","","5","","8.1","","99.86","","","","","","Fog"
"-79.40","43.63","TORONTO CITY CENTRE","6158359","2021-01-14 08:00","2021","01","14","08:00","2.0","","-0.1","","86","","0.0","","29","","8","","8.1","","99.90","","","","","","Fog"
"-79.40","43.63","TORONTO CITY CENTRE","6158359","2021-01-14 09:00","2021","01","14","09:00","2.6","","0.4","","85","","0.0","","31","","4","","8.1","","99.95","","","","","","Haze"
"-79.40","43.63","TORONTO CITY CENTRE","6158359","2021-01-14 10:00","2021","01","14","10:00","3.4","","0.5","","81","","0.0","","30","","5","","8.1","","100.03","","","","","","Fog"
"-79.40","43.63","TORONTO CITY CENTRE","6158359","2021-01-14 11:00","2021","01","14","11:00","3.6","","0.8","","82","","0.0","","24","","8","","8.1","","100.04","","","","","","Haze"
"-79.40","43.63","TORONTO CITY CENTRE","6158359","2021-01-14 12:00","2021","01","14","12:00","4.6","","0.2","","73","","0.0","","","","0","","8.1","","99.92","","","","","","Haze"
"-79.40","43.63","TORONTO CITY CENTRE","6158359","2021-01-14 13:00","2021","01","14","13:00","4.7","","-0.3","","70","","0.0","","","M","4","","9.7","","99.89","","","","","","Haze"
"-79.40","43.63","TORONTO CITY CENTRE","6158359","2021-01-14 14:00","2021","01","14","14:00","4.5","","0.4","","75","","0.0","","14","","5","","6.4","","99.87","","","","","","Haze"
"-79.40","43.63","TORONTO CITY CENTRE","6158359","2021-01-14 15:00","2021","01","14","15:00","4.1","","0.8","","79","","0.0","","12","","8","","8.1","","99.92","","","","","","Haze"
"-79.40","43.63","TORONTO CITY CENTRE","6158359","2021-01-14 16:00","2021","01","14","16:00","3.7","","1.3","","84","","0.0","","9","","8","","6.4","","99.95","","","","","","Haze"
"-79.40","43.63","TORONTO CITY CENTRE","6158359","2021-01-14 17:00","2021","01","14","17:00","3.0","","1.4","","89","","0.0","","7","","8","","6.4","","99.98","","","","","","Fog"
"-79.40","43.63","TORONTO CITY CENTRE","6158359","2021-01-14 18:00","2021","01","14","18:00","3.1","","1.6","","90","","0.0","","7","","13","","4.8","","100.05","","","","","","Fog"
"-79.40","43.63","TORONTO CITY CENTRE","6158359","2021-01-14 19:00","2021","01","14","19:00","3.6","","2.1","","90","","0.0","","11","","8","","4.8","","100.10","","","","","","Fog"
"-79.40","43.63","TORONTO CITY CENTRE","6158359","2021-01-14 20:00","2021","01","14","20:00","3.7","","2.1","","89","","0.0","","9","","13","","4.8","","100.09","","","","","","Fog"
"-79.40","43.63","TORONTO CITY CENTRE","6158359","2021-01-14 21:00","2021","01","14","21:00","3.8","","2.0","","88","","0.0","","9","","13","","6.4","","100.11","","","","","","Fog"
"-79.40","43.63","TORONTO CITY CENTRE","6158359","2021-01-14 22:00","2021","01","14","22:00","3.9","","2.2","","89","","0.0","","10","","15","","6.4","","100.13","","","","","","Fog"
"-79.40","43.63","TORONTO CITY CENTRE","6158359","2021-01-14 23:00","2021","01","14","23:00","3.9","","2.3","","89","","0.0","","9","","17","","6.4","","100.14","","","","","","Fog"
"-79.40","43.63","TORONTO CITY CENTRE","6158359","2021-01-15 00:00","2021","01","15","00:00","3.8","","2.2","","89","","0.0","","8","","15","","6.4","","100.12","","","","","","Fog"
"-79.40","43.63","TORONTO CITY CENTRE","6158359","2021-01-15 01:00","2021","01","15","01:00","4.1","","2.2","","87","","0.0","","9","","17","","8.1","","100.09","","","","","","Fog"
"-79.40","43.63","TORONTO CITY CENTRE","6158359","2021-01-15 02:00","2021","01","15","02:00","4.4","","1.3","","80","","0.0","","10","","22","","16.1","","100.14","","","","","","NA"
"-79.40","43.63","TORONTO CITY CENTRE","6158359","2021-01-15 03:00","2021","01","15","03:00","4.0","","1.7","","85","","0.0","","8","","24","","14.5","","100.11","","","","","","NA"
"-79.40","43.63","TORONTO CITY CENTRE","6158359","2021-01-15 04:00","2021","01","15","04:00","3.9","","1.1","","82","","0.0","","8","","28","","12.9","","100.03","","","","","","NA"
"-79.40","43.63","TORONTO CITY CENTRE","6158359","2021-01-15 05:00","2021","01","15","05:00","3.8","","1.0","","82","","0.0","","8","","30","","12.9","","99.96","","","","","","NA"
"-79.40","43.63","TORONTO CITY CENTRE","6158359","2021-01-15 06:00","2021","01","15","06:00","3.9","","1.6","","85","","0.0","","8","","30","","11.3","","99.96","","","","","","NA"
"-79.40","43.63","TORONTO CITY CENTRE","6158359","2021-01-15 07:00","2021","01","15","07:00","4.1","","1.8","","85","","0.0","","8","","30","","14.5","","99.93","","","","","","NA"
"-79.40","43.63","TORONTO CITY CENTRE","6158359","2021-01-15 08:00","2021","01","15","08:00","4.2","","1.4","","82","","0.0","","8","","30","","16.1","","99.87","","","","","","NA"
"-79.40","43.63","TORONTO CITY CENTRE","6158359","2021-01-15 09:00","2021","01","15","09:00","4.4","","1.4","","81","","0.0","","8","","28","","16.1","","99.85","","","","","","NA"
"-79.40","43.63","TORONTO CITY CENTRE","6158359","2021-01-15 10:00","2021","01","15","10:00","4.5","","1.7","","82","","0.0","","7","","30","","16.1","","99.83","","","","","","NA"
"-79.40","43.63","TORONTO CITY CENTRE","6158359","2021-01-15 11:00","2021","01","15","11:00","4.5","","1.4","","80","","0.0","","8","","24","","16.1","","99.81","","","","","","NA"
"-79.40","43.63","TORONTO CITY CENTRE","6158359","2021-01-15 12:00","2021","01","15","12:00","4.5","","1.4","","80","","0.0","","8","","35","","16.1","","99.70","","","","","","NA"
"-79.40","43.63","TORONTO CITY CENTRE","6158359","2021-01-15 13:00","2021","01","15","13:00","4.2","","1.5","","83","","0.0","","7","","35","","16.1","","99.59","","","","","","NA"
"-79.40","43.63","TORONTO CITY CENTRE","6158359","2021-01-15 14:00","2021","01","15","14:00","4.3","","1.8","","84","","0.0","","7","","35","","16.1","","99.50","","","","","","NA"
"-79.40","43.63","TORONTO CITY CENTRE","6158359","2021-01-15 15:00","2021","01","15","15:00","4.4","","1.9","","84","","0.0","","7","","39","","16.1","","99.49","","","","","","NA"
"-79.40","43.63","TORONTO CITY CENTRE","6158359","2021-01-15 16:00","2021","01","15","16:00","4.3","","2.5","","88","","0.0","","7","","32","","12.9","","99.53","","","","","","NA"
"-79.40","43.63","TORONTO CITY CENTRE","6158359","2021-01-15 17:00","2021","01","15","17:00","4.5","","2.2","","85","","0.0","","8","","28","","14.5","","99.51","","","","","","NA"
"-79.40","43.63","TORONTO CITY CENTRE","6158359","2021-01-15 18:00","2021","01","15","18:00","4.7","","2.7","","87","","0.0","","9","","24","","11.3","","99.54","","","","","","Rain"
"-79.40","43.63","TORONTO CITY CENTRE","6158359","2021-01-15 19:00","2021","01","15","19:00","4.5","","2.3","","86","","0.8","","14","","15","","12.9","","99.56","","","","","","Rain"
"-79.40","43.63","TORONTO CITY CENTRE","6158359","2021-01-15 20:00","2021","01","15","20:00","3.9","","2.3","","89","","0.5","","13","","15","","11.3","","99.56","","","","","","Rain"
"-79.40","43.63","TORONTO CITY CENTRE","6158359","2021-01-15 21:00","2021","01","15","21:00","3.5","","2.6","","94","","1.0","","10","","13","","8.1","","99.53","","","","","","Rain,Fog"
"-79.40","43.63","TORONTO CITY CENTRE","6158359","2021-01-15 22:00","2021","01","15","22:00","3.3","","2.1","","92","","0.0","","10","","11","","11.3","","99.50","","","","","","Rain"
"-79.40","43.63","TORONTO CITY CENTRE","6158359","2021-01-15 23:00","2021","01","15","23:00","3.4","","2.5","","94","","0.0","","20","","18","","12.9","","99.49","","","","","","Rain"
"-79.40","43.63","TORONTO CITY CENTRE","6158359","2021-01-16 00:00","2021","01","16","00:00","2.5","","1.3","","92","","0.0","","24","","22","","16.1","","99.47","","","","","","Rain"
"-79.40","43.63","TORONTO CITY CENTRE","6158359","2021-01-16 01:00","2021","01","16","01:00","2.6","","0.8","","88","","0.0","","24","","17","","16.1","","99.46","","","","","","NA"
"-79.40","43.63","TORONTO CITY CENTRE","6158359","2021-01-16 02:00","2021","01","16","02:00","2.0","","0.5","","90","","0.0","","24","","17","","16.1","","99.49","","","","","","NA"
"-79.40","43.63","TORONTO CITY CENTRE","6158359","2021-01-16 03:00","2021","01","16","03:00","1.5","","0.0","","90","","0.0","","25","","8","","16.1","","99.45","","","","","","NA"
"-79.40","43.63","TORONTO CITY CENTRE","6158359","2021-01-16 04:00","2021","01","16","04:00","1.5","","0.5","","93","","0.0","","24","","18","","16.1","","99.41","","","","","","NA"
"-79.40","43.63","TORONTO CITY CENTRE","6158359","2021-01-16 05:00","2021","01","16","05:00","1.4","","0.2","","92","","0.0","","25","","17","","16.1","","99.34","","","","","","NA"
"-79.40","43.63","TORONTO CITY CENTRE","6158359","2021-01-16 06:00","2021","01","16","06:00","0.7","","-0.6","","91","","0.0","","25","","13","","16.1","","99.35","","","","","","NA"
"-79.40","43.63","TORONTO CITY CENTRE","6158359","2021-01-16 07:00","2021","01","16","07:00","0.3","","-1.0","","91","","0.0","","26","","9","","16.1","","99.33","","","","","","NA"
"-79.40","43.63","TORONTO CITY CENTRE","6158359","2021-01-16 08:00","2021","01","16","08:00","-0.2","","-2.0","","88","","0.0","","28","","13","","16.1","","99.31","","","","-4","","NA"
"-79.40","43.63","TORONTO CITY CENTRE","6158359","2021-01-16 09:00","2021","01","16","09:00","0.6","","-1.6","","85","","0.0","","27","","15","","12.9","","99.26","","","","","","NA"
"-79.40","43.63","TORONTO CITY CENTRE","6158359","2021-01-16 10:00","2021","01","16","10:00","1.3","","-1.8","","80","","0.0","","30","","13","","12.9","","99.19","","","","","","NA"
"-79.40","43.63","TORONTO CITY CENTRE","6158359","2021-01-16 11:00","2021","01","16","11:00","2.6","","-0.6","","79","","0.0","","25","","11","","16.1","","99.12","","","","","","NA"
"-79.40","43.63","TORONTO CITY CENTRE","6158359","2021-01-16 12:00","2021","01","16","12:00","3.8","","-0.6","","73","","0.0","","25","","18","","16.1","","99.01","","","","","","NA"
"-79.40","43.63","TORONTO CITY CENTRE","6158359","2021-01-16 13:00","2021","01","16","13:00","4.4","","-0.2","","72","","0.0","","25","","21","","16.1","","98.92","","","","","","NA"
"-79.40","43.63","TORONTO CITY CENTRE","6158359","2021-01-16 14:00","2021","01","16","14:00","4.4","","-1.6","","65","","0.0","","26","","22","","16.1","","98.88","","","","","","NA"
"-79.40","43.63","TORONTO CITY CENTRE","6158359","2021-01-16 15:00","2021","01","16","15:00","4.0","","-2.9","","61","","0.0","","29","","26","","16.1","","98.87","","","","","","NA"
"-79.40","43.63","TORONTO CITY CENTRE","6158359","2021-01-16 16:00","2021","01","16","16:00","3.1","","-3.5","","62","","0.0","","29","","24","","16.1","","98.89","","","","","","NA"
"-79.40","43.63","TORONTO CITY CENTRE","6158359","2021-01-16 17:00","2021","01","16","17:00","2.6","","-3.8","","63","","0.0","","28","","26","","16.1","","98.92","","","","","","NA"
"-79.40","43.63","TORONTO CITY CENTRE","6158359","2021-01-16 18:00","2021","01","16","18:00","1.9","","-2.8","","71","","0.0","","26","","24","","16.1","","98.93","","","","","","NA"
"-79.40","43.63","TORONTO CITY CENTRE","6158359","2021-01-16 19:00","2021","01","16","19:00","1.1","","-3.4","","72","","0.0","","26","","26","","16.1","","98.93","","","","","","NA"
"-79.40","43.63","TORONTO CITY CENTRE","6158359","2021-01-16 20:00","2021","01","16","20:00","1.3","","-3.6","","70","","0.0","","27","","26","","16.1","","98.91","","","","","","NA"
"-79.40","43.63","TORONTO CITY CENTRE","6158359","2021-01-16 21:00","2021","01","16","21:00","1.3","","-4.0","","68","","0.0","","26","","32","","16.1","","98.89","","","","","","NA"
"-79.40","43.63","TORONTO CITY CENTRE","6158359","2021-01-16 22:00","2021","01","16","22:00","1.0","","-4.3","","68","","0.0","","27","","32","","16.1","","98.88","","","","","","NA"
"-79.40","43.63","TORONTO CITY CENTRE","6158359","2021-01-16 23:00","2021","01","16","23:00","0.8","","-3.5","","73","","0.0","","25","","32","","16.1","","98.84","","","","","","NA"
"-79.40","43.63","TORONTO CITY CENTRE","6158359","2021-01-17 00:00","2021","01","17","00:00","1.0","","-3.3","","73","","0.0","","26","","30","","16.1","","98.83","","","","","","NA"
"-79.40","43.63","TORONTO CITY CENTRE","6158359","2021-01-17 01:00","2021","01","17","01:00","1.1","","-2.3","","78","","0.0","","25","","30","","16.1","","98.84","","","","","","NA"
"-79.40","43.63","TORONTO CITY CENTRE","6158359","2021-01-17 02:00","2021","01","17","02:00","1.2","","-2.0","","79","","0.0","","25","","30","","16.1","","98.85","","","","","","NA"
"-79.40","43.63","TORONTO CITY CENTRE","6158359","2021-01-17 03:00","2021","01","17","03:00","1.4","","-1.7","","80","","0.0","","24","","30","","16.1","","98.87","","","","","","NA"
"-79.40","43.63","TORONTO CITY CENTRE","6158359","2021-01-17 04:00","2021","01","17","04:00","1.7","","-1.1","","82","","0.0","","25","","26","","9.7","","98.88","","","","","","Rain"
"-79.40","43.63","TORONTO CITY CENTRE","6158359","2021-01-17 05:00","2021","01","17","05:00","2.0","","-0.4","","84","","0.0","","25","","30","","16.1","","98.88","","","","","","NA"
"-79.40","43.63","TORONTO CITY CENTRE","6158359","2021-01-17 06:00","2021","01","17","06:00","1.9","","-0.7","","83","","0.0","","27","","22","","16.1","","98.94","","","","","","NA"
"-79.40","43.63","TORONTO CITY CENTRE","6158359","2021-01-17 07:00","2021","01","17","07:00","1.5","","-1.2","","82","","0.0","","26","","18","","16.1","","99.02","","","","","","NA"
"-79.40","43.63","TORONTO CITY CENTRE","6158359","2021-01-17 08:00","2021","01","17","08:00","1.5","","-2.3","","76","","0.0","","28","","18","","16.1","","99.12","","","","","","NA"
"-79.40","43.63","TORONTO CITY CENTRE","6158359","2021-01-17 09:00","2021","01","17","09:00","2.3","","-1.7","","75","","0.0","","27","","21","","16.1","","99.21","","","","","","NA"
"-79.40","43.63","TORONTO CITY CENTRE","6158359","2021-01-17 10:00","2021","01","17","10:00","3.0","","-1.0","","75","","0.0","","27","","18","","16.1","","99.27","","","","","","NA"
"-79.40","43.63","TORONTO CITY CENTRE","6158359","2021-01-17 11:00","2021","01","17","11:00","3.9","","-1.5","","68","","0.0","","28","","28","","16.1","","99.26","","","","","","NA"
"-79.40","43.63","TORONTO CITY CENTRE","6158359","2021-01-17 12:00","2021","01","17","12:00","4.3","","-1.9","","64","","0.0","","26","","24","","16.1","","99.23","","","","","","NA"
"-79.40","43.63","TORONTO CITY CENTRE","6158359","2021-01-17 13:00","2021","01","17","13:00","4.5","","-2.6","","60","","0.0","","29","","30","","16.1","","99.21","","","","","","NA"
"-79.40","43.63","TORONTO CITY CENTRE","6158359","2021-01-17 14:00","2021","01","17","14:00","4.4","","-2.9","","59","","0.0","","28","","22","","16.1","","99.21","","","","","","NA"
"-79.40","43.63","TORONTO CITY CENTRE","6158359","2021-01-17 15:00","2021","01","17","15:00","4.3","","-3.7","","56","","0.0","","28","","22","","16.1","","99.25","","","","","","NA"
"-79.40","43.63","TORONTO CITY CENTRE","6158359","2021-01-17 16:00","2021","01","17","16:00","3.8","","-3.4","","59","","0.0","","29","","18","","16.1","","99.30","","","","","","NA"
"-79.40","43.63","TORONTO CITY CENTRE","6158359","2021-01-17 17:00","2021","01","17","17:00","2.8","","-2.6","","68","","0.0","","35","","13","","16.1","","99.36","","","","","","NA"
"-79.40","43.63","TORONTO CITY CENTRE","6158359","2021-01-17 18:00","2021","01","17","18:00","2.2","","-2.1","","73","","0.0","","30","","5","","16.1","","99.42","","","","","","NA"
"-79.40","43.63","TORONTO CITY CENTRE","6158359","2021-01-17 19:00","2021","01","17","19:00","1.8","","-1.8","","77","","0.0","","26","","8","","16.1","","99.45","","","","","","NA"
"-79.40","43.63","TORONTO CITY CENTRE","6158359","2021-01-17 20:00","2021","01","17","20:00","1.9","","-2.1","","75","","0.0","","33","","11","","16.1","","99.47","","","","","","Rain"
"-79.40","43.63","TORONTO CITY CENTRE","6158359","2021-01-17 21:00","2021","01","17","21:00","1.2","","-1.2","","84","","0.0","","33","","11","","16.1","","99.46","","","","","","NA"
"-79.40","43.63","TORONTO CITY CENTRE","6158359","2021-01-17 22:00","2021","01","17","22:00","0.3","","-2.6","","81","","0.0","","35","","5","","16.1","","99.47","","","","","","Rain"
"-79.40","43.63","TORONTO CITY CENTRE","6158359","2021-01-17 23:00","2021","01","17","23:00","0.0","","-3.5","","77","","0.0","","35","","11","","16.1","","99.46","","","","-4","","Rain"
"-79.40","43.63","TORONTO CITY CENTRE","6158359","2021-01-18 00:00","2021","01","18","00:00","-0.3","","-4.2","","75","","0.0","","32","","13","","16.1","","99.45","","","","-4","","NA"
"-79.40","43.63","TORONTO CITY CENTRE","6158359","2021-01-18 01:00","2021","01","18","01:00","-0.5","","-4.0","","77","","0.0","","31","","8","","16.1","","99.45","","","","-3","","NA"
"-79.40","43.63","TORONTO CITY CENTRE","6158359","2021-01-18 02:00","2021","01","18","02:00","-0.8","","-4.7","","75","","0.0","","33","","11","","16.1","","99.50","","","","-5","","NA"
"-79.40","43.63","TORONTO CITY CENTRE","6158359","2021-01-18 03:00","2021","01","18","03:00","-1.5","","-5.2","","76","","0.0","","31","","9","","16.1","","99.56","","","","-5","","NA"
"-79.40","43.63","TORONTO CITY CENTRE","6158359","2021-01-18 04:00","2021","01","18","04:00","-1.5","","-4.9","","78","","0.0","","33","","9","","16.1","","99.58","","","","-5","","NA"
"-79.40","43.63","TORONTO CITY CENTRE","6158359","2021-01-18 05:00","2021","01","18","05:00","-1.9","","-5.4","","77","","0.0","","35","","13","","16.1","","99.59","","","","-6","","NA"
"-79.40","43.63","TORONTO CITY CENTRE","6158359","2021-01-18 06:00","2021","01","18","06:00","-2.1","","-5.8","","76","","0.0","","","M","4","","16.1","","99.66","","","","-4","","NA"
"-79.40","43.63","TORONTO CITY CENTRE","6158359","2021-01-18 07:00","2021","01","18","07:00","-3.3","","-5.8","","83","","0.0","","27","","9","","16.1","","99.71","","","","-7","","NA"
"-79.40","43.63","TORONTO CITY CENTRE","6158359","2021-01-18 08:00","2021","01","18","08:00","-2.5","","-5.2","","82","","0.0","","27","","8","","16.1","","99.74","","","","-6","","NA"
"-79.40","43.63","TORONTO CITY CENTRE","6158359","2021-01-18 09:00","2021","01","18","09:00","-1.6","","-4.8","","79","","0.0","","26","","4","","16.1","","99.83","","","","-3","","NA"
"-79.40","43.63","TORONTO CITY CENTRE","6158359","2021-01-18 10:00","2021","01","18","10:00","-1.2","","-5.1","","75","","0.0","","26","","9","","16.1","","99.90","","","","-4","","Snow"
"-79.40","43.63","TORONTO CITY CENTRE","6158359","2021-01-18 11:00","2021","01","18","11:00","-0.1","","-4.2","","74","","0.0","","25","","11","","16.1","","99.93","","","","-4","","NA"
"-79.40","43.63","TORONTO CITY CENTRE","6158359","2021-01-18 12:00","2021","01","18","12:00","0.8","","-4.2","","69","","0.0","","30","","9","","16.1","","99.88","","","","","","Rain"
"-79.40","43.63","TORONTO CITY CENTRE","6158359","2021-01-18 13:00","2021","01","18","13:00","0.5","","-4.1","","71","","0.0","","19","","9","","16.1","","99.86","","","","","","NA"
"-79.40","43.63","TORONTO CITY CENTRE","6158359","2021-01-18 14:00","2021","01","18","14:00","0.5","","-4.3","","71","","0.0","","19","","9","","16.1","","99.90","","","","","","NA"
"-79.40","43.63","TORONTO CITY CENTRE","6158359","2021-01-18 15:00","2021","01","18","15:00","0.6","","-3.9","","72","","0.0","","20","","8","","16.1","","99.95","","","","","","NA"
"-79.40","43.63","TORONTO CITY CENTRE","6158359","2021-01-18 16:00","2021","01","18","16:00","0.6","","-2.7","","79","","0.0","","15","","4","","16.1","","100.04","","","","","","NA"
"-79.40","43.63","TORONTO CITY CENTRE","6158359","2021-01-18 17:00","2021","01","18","17:00","0.8","","-2.2","","80","","0.0","","19","","8","","16.1","","100.11","","","","","","NA"
"-79.40","43.63","TORONTO CITY CENTRE","6158359","2021-01-18 18:00","2021","01","18","18:00","1.2","","-2.8","","75","","0.0","","24","","13","","16.1","","100.18","","","","","","NA"
"-79.40","43.63","TORONTO CITY CENTRE","6158359","2021-01-18 19:00","2021","01","18","19:00","0.3","","-2.1","","84","","0.0","","32","","9","","16.1","","100.25","","","","","","Snow"
"-79.40","43.63","TORONTO CITY CENTRE","6158359","2021-01-18 20:00","2021","01","18","20:00","0.2","","-2.4","","83","","0.0","","29","","11","","16.1","","100.31","","","","","","Rain,Snow"
"-79.40","43.63","TORONTO CITY CENTRE","6158359","2021-01-18 21:00","2021","01","18","21:00","-0.4","","-2.8","","84","","0.0","","30","","11","","16.1","","100.37","","","","-4","","NA"
"-79.40","43.63","TORONTO CITY CENTRE","6158359","2021-01-18 22:00","2021","01","18","22:00","-0.7","","-3.2","","83","","0.0","","28","","9","","16.1","","100.41","","","","-4","","NA"
"-79.40","43.63","TORONTO CITY CENTRE","6158359","2021-01-18 23:00","2021","01","18","23:00","-0.7","","-2.8","","86","","0.0","","27","","11","","12.9","","100.44","","","","-4","","Snow"
"-79.40","43.63","TORONTO CITY CENTRE","6158359","2021-01-19 00:00","2021","01","19","00:00","-0.2","","-3.6","","78","","0.0","","24","","15","","16.1","","100.43","","","","-5","","Snow"
"-79.40","43.63","TORONTO CITY CENTRE","6158359","2021-01-19 01:00","2021","01","19","01:00","-0.4","","-2.5","","86","","0.0","","25","","11","","16.1","","100.41","","","","-4","","Snow"
"-79.40","43.63","TORONTO CITY CENTRE","6158359","2021-01-19 02:00","2021","01","19","02:00","-0.2","","-2.6","","84","","0.0","","26","","11","","16.1","","100.40","","","","-4","","Snow"
"-79.40","43.63","TORONTO CITY CENTRE","6158359","2021-01-19 03:00","2021","01","19","03:00","-0.1","","-2.2","","86","","0.0","","23","","13","","16.1","","100.41","","","","-4","","Snow"
"-79.40","43.63","TORONTO CITY CENTRE","6158359","2021-01-19 04:00","2021","01","19","04:00","0.2","","-1.9","","86","","0.0","","25","","22","","16.1","","100.41","","","","","","Rain"
"-79.40","43.63","TORONTO CITY CENTRE","6158359","2021-01-19 05:00","2021","01","19","05:00","0.5","","-2.3","","82","","0.0","","26","","21","","16.1","","100.43","","","","","","Rain"
"-79.40","43.63","TORONTO CITY CENTRE","6158359","2021-01-19 06:00","2021","01","19","06:00","0.4","","-3.1","","78","","0.0","","26","","18","","16.1","","100.46","","","","","","NA"
"-79.40","43.63","TORONTO CITY CENTRE","6158359","2021-01-19 07:00","2021","01","19","07:00","0.2","","-3.2","","78","","0.0","","25","","28","","16.1","","100.48","","","","","","NA"
"-79.40","43.63","TORONTO CITY CENTRE","6158359","2021-01-19 08:00","2021","01","19","08:00","0.2","","-3.0","","79","","0.0","","24","","22","","16.1","","100.51","","","","","","NA"
"-79.40","43.63","TORONTO CITY CENTRE","6158359","2021-01-19 09:00","2021","01","19","09:00","-0.2","","-1.8","","89","","0.0","","25","","30","","12.9","","100.56","","","","-7","","Snow"
"-79.40","43.63","TORONTO CITY CENTRE","6158359","2021-01-19 10:00","2021","01","19","10:00","0.1","","-2.5","","83","","0.0","","25","","32","","14.5","","100.59","","","","","","Rain"
"-79.40","43.63","TORONTO CITY CENTRE","6158359","2021-01-19 11:00","2021","01","19","11:00","0.9","","-2.7","","77","","0.0","","25","","28","","16.1","","100.59","","","","","","NA"
"-79.40","43.63","TORONTO CITY CENTRE","6158359","2021-01-19 12:00","2021","01","19","12:00","1.0","","-5.3","","63","","0.0","","27","","45","","16.1","","100.54","","","","","","NA"
"-79.40","43.63","TORONTO CITY CENTRE","6158359","2021-01-19 13:00","2021","01","19","13:00","1.5","","-5.4","","60","","0.0","","26","","34","","16.1","","100.56","","","","","","NA"
"-79.40","43.63","TORONTO CITY CENTRE","6158359","2021-01-19 14:00","2021","01","19","14:00","0.8","","-7.1","","56","","0.0","","27","","39","","16.1","","100.57","","","","","","NA"
"-79.40","43.63","TORONTO CITY CENTRE","6158359","2021-01-19 15:00","2021","01","19","15:00","0.0","","-7.2","","59","","0.0","","26","","41","","16.1","","100.63","","","","-7","","NA"
"-79.40","43.63","TORONTO CITY CENTRE","6158359","2021-01-19 16:00","2021","01","19","16:00","-0.3","","-8.5","","54","","0.0","","27","","41","","16.1","","100.73","","","","-8","","NA"
"-79.40","43.63","TORONTO CITY CENTRE","6158359","2021-01-19 17:00","2021","01","19","17:00","-1.0","","-9.0","","55","","0.0","","27","","35","","16.1","","100.71","","","","-8","","NA"
"-79.40","43.63","TORONTO CITY CENTRE","6158359","2021-01-19 18:00","2021","01","19","18:00","-1.2","","-8.2","","59","","0.0","","27","","28","","16.1","","100.76","","","","-8","","NA"
"-79.40","43.63","TORONTO CITY CENTRE","6158359","2021-01-19 19:00","2021","01","19","19:00","-1.0","","-7.5","","61","","0.0","","27","","28","","16.1","","100.77","","","","-8","","NA"
"-79.40","43.63","TORONTO CITY CENTRE","6158359","2021-01-19 20:00","2021","01","19","20:00","-1.1","","-7.5","","62","","0.0","","28","","17","","16.1","","100.71","","","","-6","","Snow"
"-79.40","43.63","TORONTO CITY CENTRE","6158359","2021-01-19 21:00","2021","01","19","21:00","-1.1","","-7.5","","62","","0.0","","26","","17","","16.1","","100.63","","","","-6","","NA"
"-79.40","43.63","TORONTO CITY CENTRE","6158359","2021-01-19 22:00","2021","01","19","22:00","-1.2","","-7.2","","64","","0.0","","26","","17","","16.1","","100.58","","","","-6","","NA"
"-79.40","43.63","TORONTO CITY CENTRE","6158359","2021-01-19 23:00","2021","01","19","23:00","-1.3","","-7.9","","61","","0.0","","27","","26","","16.1","","100.55","","","","-8","","NA"
"-79.40","43.63","TORONTO CITY CENTRE","6158359","2021-01-20 00:00","2021","01","20","00:00","-1.9","","-8.5","","61","","0.0","","29","","22","","16.1","","100.47","","","","-8","","NA"
"-79.40","43.63","TORONTO CITY CENTRE","6158359","2021-01-20 01:00","2021","01","20","01:00","-2.4","","-9.2","","60","","0.0","","28","","21","","16.1","","100.39","","","","-8","","NA"
"-79.40","43.63","TORONTO CITY CENTRE","6158359","2021-01-20 02:00","2021","01","20","02:00","-2.8","","-8.3","","66","","0.0","","26","","22","","16.1","","100.35","","","","-9","","NA"
"-79.40","43.63","TORONTO CITY CENTRE","6158359","2021-01-20 03:00","2021","01","20","03:00","-3.1","","-9.0","","64","","0.0","","29","","17","","16.1","","100.38","","","","-9","","NA"
"-79.40","43.63","TORONTO CITY CENTRE","6158359","2021-01-20 04:00","2021","01","20","04:00","-3.7","","-8.8","","68","","0.0","","29","","24","","16.1","","100.37","","","","-11","","NA"
"-79.40","43.63","TORONTO CITY CENTRE","6158359","2021-01-20 05:00","2021","01","20","05:00","-3.9","","-8.8","","69","","0.0","","30","","17","","16.1","","100.47","","","","-10","","NA"
"-79.40","43.63","TORONTO CITY CENTRE","6158359","2021-01-20 06:00","2021","01","20","06:00","-4.4","","-9.8","","66","","0.0","","34","","24","","16.1","","100.64","","","","-11","","NA"
"-79.40","43.63","TORONTO CITY CENTRE","6158359","2021-01-20 07:00","2021","01","20","07:00","-5.4","","-10.6","","67","","0.0","","32","","18","","16.1","","100.74","","","","-12","","NA"
"-79.40","43.63","TORONTO CITY CENTRE","6158359","2021-01-20 08:00","2021","01","20","08:00","-6.3","","-10.7","","71","","0.0","","33","","9","","16.1","","100.85","","","","-11","","Snow"
"-79.40","43.63","TORONTO CITY CENTRE","6158359","2021-01-20 09:00","2021","01","20","09:00","-6.2","","-11.1","","68","","0.0","","33","","8","","16.1","","100.97","","","","-10","","Snow"
"-79.40","43.63","TORONTO CITY CENTRE","6158359","2021-01-20 10:00","2021","01","20","10:00","-5.9","","-10.2","","72","","0.0","","34","","11","","11.3","","101.04","","","","-11","","Snow"
"-79.40","43.63","TORONTO CITY CENTRE","6158359","2021-01-20 11:00","2021","01","20","11:00","-5.2","","-10.6","","66","","0.0","","","M","8","","16.1","","101.08","","","","-9","","NA"
"-79.40","43.63","TORONTO CITY CENTRE","6158359","2021-01-20 12:00","2021","01","20","12:00","-4.8","","-11.6","","59","","0.0","","29","","11","","16.1","","101.11","","","","-9","","NA"
"-79.40","43.63","TORONTO CITY CENTRE","6158359","2021-01-20 13:00","2021","01","20","13:00","-4.7","","-11.4","","60","","0.0","","27","","13","","16.1","","101.09","","","","-10","","NA"
"-79.40","43.63","TORONTO CITY CENTRE","6158359","2021-01-20 14:00","2021","01","20","14:00","-3.7","","-11.7","","54","","0.0","","27","","22","","16.1","","101.03","","","","-10","","NA"
"-79.40","43.63","TORONTO CITY CENTRE","6158359","2021-01-20 15:00","2021","01","20","15:00","-3.8","","-11.7","","54","","0.0","","27","","24","","16.1","","100.99","","","","-11","","NA"
"-79.40","43.63","TORONTO CITY CENTRE","6158359","2021-01-20 16:00","2021","01","20","16:00","-3.7","","-11.0","","57","","0.0","","25","","24","","16.1","","100.97","","","","-11","","NA"
"-79.40","43.63","TORONTO CITY CENTRE","6158359","2021-01-20 17:00","2021","01","20","17:00","-3.7","","-10.2","","61","","0.0","","24","","13","","16.1","","100.82","","","","-9","","NA"
"-79.40","43.63","TORONTO CITY CENTRE","6158359","2021-01-20 18:00","2021","01","20","18:00","-3.4","","-10.0","","61","","0.0","","24","","22","","16.1","","100.74","","","","-10","","NA"
"-79.40","43.63","TORONTO CITY CENTRE","6158359","2021-01-20 19:00","2021","01","20","19:00","-3.6","","-9.2","","65","","0.0","","24","","26","","16.1","","100.68","","","","-11","","NA"
"-79.40","43.63","TORONTO CITY CENTRE","6158359","2021-01-20 20:00","2021","01","20","20:00","-3.9","","-10.1","","62","","0.0","","23","","28","","16.1","","100.65","","","","-11","","NA"
"-79.40","43.63","TORONTO CITY CENTRE","6158359","2021-01-20 21:00","2021","01","20","21:00","-3.5","","-9.4","","64","","0.0","","23","","26","","16.1","","100.54","","","","-11","","NA"
"-79.40","43.63","TORONTO CITY CENTRE","6158359","2021-01-20 22:00","2021","01","20","22:00","-2.3","","-7.4","","68","","0.0","","20","","28","","16.1","","100.31","","","","-9","","NA"
"-79.40","43.63","TORONTO CITY CENTRE","6158359","2021-01-20 23:00","2021","01","20","23:00","-1.6","","-6.0","","72","","0.0","","19","","35","","16.1","","100.10","","","","-9","","NA"
"-79.40","43.63","TORONTO CITY CENTRE","6158359","2021-01-21 00:00","2021","01","21","00:00","-0.9","","-5.3","","72","","0.0","","20","","39","","16.1","","99.94","","","","-9","","NA"
"-79.40","43.63","TORONTO CITY CENTRE","6158359","2021-01-21 01:00","2021","01","21","01:00","-0.5","","-4.8","","73","","0.0","","21","","41","","16.1","","99.76","","","","-8","","NA"
"-79.40","43.63","TORONTO CITY CENTRE","6158359","2021-01-21 02:00","2021","01","21","02:00","-0.3","","-4.2","","75","","0.0","","22","","46","","16.1","","99.61","","","","-8","","NA"
"-79.40","43.63","TORONTO CITY CENTRE","6158359","2021-01-21 03:00","2021","01","21","03:00","0.2","","-3.9","","74","","0.0","","22","","45","","16.1","","99.52","","","","","","Rain"
"-79.40","43.63","TORONTO CITY CENTRE","6158359","2021-01-21 04:00","2021","01","21","04:00","0.3","","-2.8","","80","","0.0","","22","","43","","16.1","","99.31","","","","","","Rain,Snow"
"-79.40","43.63","TORONTO CITY CENTRE","6158359","2021-01-21 05:00","2021","01","21","05:00","0.6","","-3.0","","77","","0.0","","23","","45","","16.1","","99.23","","","","","","NA"
"-79.40","43.63","TORONTO CITY CENTRE","6158359","2021-01-21 06:00","2021","01","21","06:00","1.0","","-3.8","","70","","0.0","","23","","41","","16.1","","99.11","","","","","","NA"
"-79.40","43.63","TORONTO CITY CENTRE","6158359","2021-01-21 07:00","2021","01","21","07:00","0.8","","-4.4","","68","","0.0","","22","","37","","16.1","","99.06","","","","","","NA"
"-79.40","43.63","TORONTO CITY CENTRE","6158359","2021-01-21 08:00","2021","01","21","08:00","0.8","","-4.3","","69","","0.0","","24","","32","","16.1","","99.10","","","","","","NA"
"-79.40","43.63","TORONTO CITY CENTRE","6158359","2021-01-21 09:00","2021","01","21","09:00","1.0","","-3.6","","71","","0.0","","23","","32","","16.1","","99.09","","","","","","NA"
"-79.40","43.63","TORONTO CITY CENTRE","6158359","2021-01-21 10:00","2021","01","21","10:00","1.9","","-3.4","","68","","0.0","","23","","35","","16.1","","99.10","","","","","","NA"
"-79.40","43.63","TORONTO CITY CENTRE","6158359","2021-01-21 11:00","2021","01","21","11:00","2.5","","-2.8","","68","","0.0","","24","","34","","16.1","","99.08","","","","","","NA"
"-79.40","43.63","TORONTO CITY CENTRE","6158359","2021-01-21 12:00","2021","01","21","12:00","2.9","","-2.6","","67","","0.0","","24","","34","","16.1","","98.99","","","","","","NA"
"-79.40","43.63","TORONTO CITY CENTRE","6158359","2021-01-21 13:00","2021","01","21","13:00","3.5","","-2.2","","66","","0.0","","24","","30","","16.1","","98.91","","","","","","NA"
"-79.40","43.63","TORONTO CITY CENTRE","6158359","2021-01-21 14:00","2021","01","21","14:00","3.4","","-1.8","","69","","0.0","","24","","32","","16.1","","98.87","","","","","","NA"
"-79.40","43.63","TORONTO CITY CENTRE","6158359","2021-01-21 15:00","2021","01","21","15:00","3.6","","-1.8","","68","","0.0","","24","","24","","16.1","","98.91","","","","","","NA"
"-79.40","43.63","TORONTO CITY CENTRE","6158359","2021-01-21 16:00","2021","01","21","16:00","3.4","","-1.8","","69","","0.0","","23","","30","","16.1","","98.91","","","","","","NA"
"-79.40","43.63","TORONTO CITY CENTRE","6158359","2021-01-21 17:00","2021","01","21","17:00","3.2","","-1.3","","73","","0.0","","24","","24","","16.1","","98.95","","","","","","NA"
"-79.40","43.63","TORONTO CITY CENTRE","6158359","2021-01-21 18:00","2021","01","21","18:00","3.1","","-0.9","","75","","0.0","","23","","26","","16.1","","98.97","","","","","","NA"
"-79.40","43.63","TORONTO CITY CENTRE","6158359","2021-01-21 19:00","2021","01","21","19:00","2.9","","-1.3","","74","","0.0","","23","","24","","16.1","","98.98","","","","","","NA"
"-79.40","43.63","TORONTO CITY CENTRE","6158359","2021-01-21 20:00","2021","01","21","20:00","2.6","","-1.0","","77","","0.0","","24","","24","","16.1","","98.96","","","","","","NA"
"-79.40","43.63","TORONTO CITY CENTRE","6158359","2021-01-21 21:00","2021","01","21","21:00","2.3","","-1.0","","79","","0.0","","24","","22","","16.1","","98.95","","","","","","NA"
"-79.40","43.63","TORONTO CITY CENTRE","6158359","2021-01-21 22:00","2021","01","21","22:00","2.7","","-1.4","","74","","0.0","","26","","26","","16.1","","98.97","","","","","","NA"
"-79.40","43.63","TORONTO CITY CENTRE","6158359","2021-01-21 23:00","2021","01","21","23:00","2.9","","-2.8","","66","","0.0","","28","","26","","16.1","","99.02","","","","","","NA"
"-79.40","43.63","TORONTO CITY CENTRE","6158359","2021-01-22 00:00","2021","01","22","00:00","2.3","","-2.0","","73","","0.0","","25","","22","","16.1","","99.05","","","","","","NA"
"-79.40","43.63","TORONTO CITY CENTRE","6158359","2021-01-22 01:00","2021","01","22","01:00","2.6","","-2.8","","68","","0.0","","26","","34","","16.1","","99.07","","","","","","NA"
"-79.40","43.63","TORONTO CITY CENTRE","6158359","2021-01-22 02:00","2021","01","22","02:00","2.0","","-3.1","","69","","0.0","","26","","34","","16.1","","99.11","","","","","","NA"
"-79.40","43.63","TORONTO CITY CENTRE","6158359","2021-01-22 03:00","2021","01","22","03:00","2.0","","-3.1","","69","","0.0","","25","","30","","16.1","","99.16","","","","","","NA"
"-79.40","43.63","TORONTO CITY CENTRE","6158359","2021-01-22 04:00","2021","01","22","04:00","1.9","","-3.2","","69","","0.0","","27","","30","","16.1","","99.20","","","","","","NA"
"-79.40","43.63","TORONTO CITY CENTRE","6158359","2021-01-22 05:00","2021","01","22","05:00","0.9","","-1.5","","84","","0.0","","30","","13","","11.3","","99.26","","","","","","Rain"
"-79.40","43.63","TORONTO CITY CENTRE","6158359","2021-01-22 06:00","2021","01","22","06:00","0.4","","-2.7","","80","","0.0","","29","","15","","14.5","","99.35","","","","","","Snow"
"-79.40","43.63","TORONTO CITY CENTRE","6158359","2021-01-22 07:00","2021","01","22","07:00","0.3","","-3.3","","77","","0.0","","31","","17","","16.1","","99.43","","","","","","Rain"
"-79.40","43.63","TORONTO CITY CENTRE","6158359","2021-01-22 08:00","2021","01","22","08:00","0.0","","-2.8","","81","","0.0","","29","","17","","16.1","","99.53","","","","-5","","Rain,Snow"
"-79.40","43.63","TORONTO CITY CENTRE","6158359","2021-01-22 09:00","2021","01","22","09:00","0.1","","-5.5","","66","","0.0","","29","","32","","16.1","","99.63","","","","","","NA"
"-79.40","43.63","TORONTO CITY CENTRE","6158359","2021-01-22 10:00","2021","01","22","10:00","-0.5","","-6.5","","64","","0.0","","29","","37","","16.1","","99.76","","","","-8","","NA"
"-79.40","43.63","TORONTO CITY CENTRE","6158359","2021-01-22 11:00","2021","01","22","11:00","-0.4","","-7.1","","61","","0.0","","28","","32","","16.1","","99.84","","","","-7","","NA"
"-79.40","43.63","TORONTO CITY CENTRE","6158359","2021-01-22 12:00","2021","01","22","12:00","0.2","","-8.3","","53","","0.0","","29","","35","","16.1","","99.88","","","","","","NA"
"-79.40","43.63","TORONTO CITY CENTRE","6158359","2021-01-22 13:00","2021","01","22","13:00","-0.3","","-8.9","","53","","0.0","","28","","39","","16.1","","99.96","","","","-8","","NA"
"-79.40","43.63","TORONTO CITY CENTRE","6158359","2021-01-22 14:00","2021","01","22","14:00","-0.9","","-9.3","","53","","0.0","","29","","39","","16.1","","100.01","","","","-9","","NA"
"-79.40","43.63","TORONTO CITY CENTRE","6158359","2021-01-22 15:00","2021","01","22","15:00","-1.6","","-9.6","","55","","0.0","","29","","35","","16.1","","100.13","","","","-9","","NA"
"-79.40","43.63","TORONTO CITY CENTRE","6158359","2021-01-22 16:00","2021","01","22","16:00","-1.9","","-9.1","","58","","0.0","","27","","35","","16.1","","100.22","","","","-9","","NA"
"-79.40","43.63","TORONTO CITY CENTRE","6158359","2021-01-22 17:00","2021","01","22","17:00","-3.7","","-7.3","","76","","0.0","","29","","26","","11.3","","100.35","","","","-11","","Snow"
"-79.40","43.63","TORONTO CITY CENTRE","6158359","2021-01-22 18:00","2021","01","22","18:00","-3.7","","-9.6","","64","","0.0","","29","","34","","16.1","","100.43","","","","-12","","NA"
"-79.40","43.63","TORONTO CITY CENTRE","6158359","2021-01-22 19:00","2021","01","22","19:00","-4.2","","-10.6","","61","","0.0","","29","","34","","16.1","","100.53","","","","-12","","NA"
"-79.40","43.63","TORONTO CITY CENTRE","6158359","2021-01-22 20:00","2021","01","22","20:00","-4.8","","-10.2","","66","","0.0","","29","","22","","16.1","","100.62","","","","-12","","NA"
"-79.40","43.63","TORONTO CITY CENTRE","6158359","2021-01-22 21:00","2021","01","22","21:00","-5.1","","-10.3","","67","","0.0","","30","","22","","16.1","","100.67","","","","-12","","Snow"
"-79.40","43.63","TORONTO CITY CENTRE","6158359","2021-01-22 22:00","2021","01","22","22:00","-5.2","","-9.6","","71","","0.0","","29","","18","","16.1","","100.73","","","","-11","","Snow"
"-79.40","43.63","TORONTO CITY CENTRE","6158359","2021-01-22 23:00","2021","01","22","23:00","-5.7","","-11.1","","66","","0.0","","29","","24","","16.1","","100.78","","","","-13","","NA"
"-79.40","43.63","TORONTO CITY CENTRE","6158359","2021-01-23 00:00","2021","01","23","00:00","-5.9","","-11.3","","66","","0.0","","27","","26","","16.1","","100.78","","","","-14","","NA"
"-79.40","43.63","TORONTO CITY CENTRE","6158359","2021-01-23 01:00","2021","01","23","01:00","-6.2","","-12.4","","62","","0.0","","29","","18","","16.1","","100.82","","","","-13","","NA"
"-79.40","43.63","TORONTO CITY CENTRE","6158359","2021-01-23 02:00","2021","01","23","02:00","-7.3","","-12.3","","68","","0.0","","33","","17","","16.1","","100.92","","","","-14","","NA"
"-79.40","43.63","TORONTO CITY CENTRE","6158359","2021-01-23 03:00","2021","01","23","03:00","-8.5","","-14.0","","65","","0.0","","32","","15","","16.1","","101.05","","","","-15","","NA"
"-79.40","43.63","TORONTO CITY CENTRE","6158359","2021-01-23 04:00","2021","01","23","04:00","-8.9","","-12.7","","74","","0.0","","32","","8","","16.1","","101.08","","","","-13","","NA"
"-79.40","43.63","TORONTO CITY CENTRE","6158359","2021-01-23 05:00","2021","01","23","05:00","-9.4","","-13.7","","71","","0.0","","32","","11","","16.1","","101.15","","","","-15","","NA"
"-79.40","43.63","TORONTO CITY CENTRE","6158359","2021-01-23 06:00","2021","01","23","06:00","-9.9","","-14.6","","69","","0.0","","33","","11","","16.1","","101.25","","","","-15","","NA"
"-79.40","43.63","TORONTO CITY CENTRE","6158359","2021-01-23 07:00","2021","01","23","07:00","-10.3","","-14.8","","70","","0.0","","32","","11","","16.1","","101.35","","","","-16","","NA"
"-79.40","43.63","TORONTO CITY CENTRE","6158359","2021-01-23 08:00","2021","01","23","08:00","-10.4","","-14.7","","71","","0.0","","32","","9","","16.1","","101.42","","","","-15","","NA"
"-79.40","43.63","TORONTO CITY CENTRE","6158359","2021-01-23 09:00","2021","01","23","09:00","-9.7","","-14.4","","69","","0.0","","29","","17","","16.1","","101.52","","","","-17","","NA"
"-79.40","43.63","TORONTO CITY CENTRE","6158359","2021-01-23 10:00","2021","01","23","10:00","-7.9","","-13.9","","62","","0.0","","31","","18","","16.1","","101.56","","","","-15","","NA"
"-79.40","43.63","TORONTO CITY CENTRE","6158359","2021-01-23 11:00","2021","01","23","11:00","-6.2","","-13.4","","57","","0.0","","29","","21","","16.1","","101.58","","","","-13","","NA"
"-79.40","43.63","TORONTO CITY CENTRE","6158359","2021-01-23 12:00","2021","01","23","12:00","-5.1","","-13.6","","52","","0.0","","29","","22","","16.1","","101.55","","","","-12","","NA"
"-79.40","43.63","TORONTO CITY CENTRE","6158359","2021-01-23 13:00","2021","01","23","13:00","-4.2","","-13.5","","49","","0.0","","27","","26","","16.1","","101.57","","","","-11","","NA"
"-79.40","43.63","TORONTO CITY CENTRE","6158359","2021-01-23 14:00","2021","01","23","14:00","-4.4","","-14.4","","46","","0.0","","30","","26","","16.1","","101.61","","","","-12","","NA"
"-79.40","43.63","TORONTO CITY CENTRE","6158359","2021-01-23 15:00","2021","01","23","15:00","-4.6","","-14.6","","46","","0.0","","30","","30","","16.1","","101.65","","","","-12","","NA"
"-79.40","43.63","TORONTO CITY CENTRE","6158359","2021-01-23 16:00","2021","01","23","16:00","-4.6","","-14.0","","48","","0.0","","29","","28","","16.1","","101.68","","","","-12","","NA"
"-79.40","43.63","TORONTO CITY CENTRE","6158359","2021-01-23 17:00","2021","01","23","17:00","-5.3","","-14.7","","48","","0.0","","31","","21","","16.1","","101.77","","","","-12","","NA"
"-79.40","43.63","TORONTO CITY CENTRE","6158359","2021-01-23 18:00","2021","01","23","18:00","-5.9","","-14.3","","52","","0.0","","30","","21","","16.1","","101.81","","","","-13","","NA"
"-79.40","43.63","TORONTO CITY CENTRE","6158359","2021-01-23 19:00","2021","01","23","19:00","-5.7","","-15.1","","48","","0.0","","28","","13","","16.1","","101.86","","","","-11","","NA"
"-79.40","43.63","TORONTO CITY CENTRE","6158359","2021-01-23 20:00","2021","01","23","20:00","-5.4","","-15.1","","47","","0.0","","32","","9","","16.1","","101.88","","","","-9","","NA"
"-79.40","43.63","TORONTO CITY CENTRE","6158359","2021-01-23 21:00","2021","01","23","21:00","-5.6","","-14.3","","51","","0.0","","29","","13","","16.1","","101.89","","","","-11","","NA"
"-79.40","43.63","TORONTO CITY CENTRE","6158359","2021-01-23 22:00","2021","01","23","22:00","-5.8","","-13.3","","56","","0.0","","27","","11","","16.1","","101.89","","","","-11","","NA"
"-79.40","43.63","TORONTO CITY CENTRE","6158359","2021-01-23 23:00","2021","01","23","23:00","-6.2","","-13.0","","59","","0.0","","28","","9","","16.1","","101.88","","","","-10","","NA"
"-79.40","43.63","TORONTO CITY CENTRE","6158359","2021-01-24 00:00","2021","01","24","00:00","-5.7","","-12.1","","61","","0.0","","28","","17","","16.1","","101.88","","","","-12","","NA"
"-79.40","43.63","TORONTO CITY CENTRE","6158359","2021-01-24 01:00","2021","01","24","01:00","-5.6","","-12.0","","61","","0.0","","29","","9","","16.1","","101.85","","","","-10","","NA"
"-79.40","43.63","TORONTO CITY CENTRE","6158359","2021-01-24 02:00","2021","01","24","02:00","-5.3","","-11.4","","62","","0.0","","29","","13","","16.1","","101.86","","","","-10","","NA"
"-79.40","43.63","TORONTO CITY CENTRE","6158359","2021-01-24 03:00","2021","01","24","03:00","-5.3","","-10.7","","66","","0.0","","27","","9","","16.1","","101.86","","","","-9","","Snow"
"-79.40","43.63","TORONTO CITY CENTRE","6158359","2021-01-24 04:00","2021","01","24","04:00","-5.3","","-10.9","","65","","0.0","","32","","9","","16.1","","101.81","","","","-9","","NA"
"-79.40","43.63","TORONTO CITY CENTRE","6158359","2021-01-24 05:00","2021","01","24","05:00","-5.4","","-10.4","","68","","0.0","","","","0","","16.1","","101.82","","","","","","NA"
"-79.40","43.63","TORONTO CITY CENTRE","6158359","2021-01-24 06:00","2021","01","24","06:00","-5.8","","-10.3","","71","","0.0","","30","","4","","16.1","","101.80","","","","-8","","NA"
"-79.40","43.63","TORONTO CITY CENTRE","6158359","2021-01-24 07:00","2021","01","24","07:00","-5.5","","-10.1","","70","","0.0","","29","","4","","16.1","","101.81","","","","-7","","NA"
"-79.40","43.63","TORONTO CITY CENTRE","6158359","2021-01-24 08:00","2021","01","24","08:00","-6.2","","-9.9","","75","","0.0","","","","0","","16.1","","101.78","","","","","","NA"
"-79.40","43.63","TORONTO CITY CENTRE","6158359","2021-01-24 09:00","2021","01","24","09:00","-4.4","","-8.9","","71","","0.0","","","M","4","","16.1","","101.76","","","","-6","","NA"
"-79.40","43.63","TORONTO CITY CENTRE","6158359","2021-01-24 10:00","2021","01","24","10:00","-3.7","","-8.8","","68","","0.0","","","","0","","16.1","","101.76","","","","","","NA"
"-79.40","43.63","TORONTO CITY CENTRE","6158359","2021-01-24 11:00","2021","01","24","11:00","-3.0","","-8.9","","64","","0.0","","15","","5","","16.1","","101.73","","","","-5","","NA"
"-79.40","43.63","TORONTO CITY CENTRE","6158359","2021-01-24 12:00","2021","01","24","12:00","-2.7","","-8.2","","66","","0.0","","18","","9","","16.1","","101.61","","","","-6","","NA"
"-79.40","43.63","TORONTO CITY CENTRE","6158359","2021-01-24 13:00","2021","01","24","13:00","-2.5","","-10.3","","56","","0.0","","","M","4","","16.1","","101.52","","","","-4","","NA"
"-79.40","43.63","TORONTO CITY CENTRE","6158359","2021-01-24 14:00","2021","01","24","14:00","-2.4","","-9.8","","57","","0.0","","19","","5","","16.1","","101.45","","","","-4","","NA"
"-79.40","43.63","TORONTO CITY CENTRE","6158359","2021-01-24 15:00","2021","01","24","15:00","-2.4","","-10.0","","56","","0.0","","21","","5","","16.1","","101.40","","","","-4","","NA"
"-79.40","43.63","TORONTO CITY CENTRE","6158359","2021-01-24 16:00","2021","01","24","16:00","-2.5","","-10.1","","56","","0.0","","19","","8","","16.1","","101.38","","","","-6","","NA"
"-79.40","43.63","TORONTO CITY CENTRE","6158359","2021-01-24 17:00","2021","01","24","17:00","-2.6","","-9.1","","61","","0.0","","19","","9","","16.1","","101.34","","","","-6","","NA"
"-79.40","43.63","TORONTO CITY CENTRE","6158359","2021-01-24 18:00","2021","01","24","18:00","-2.6","","-9.1","","61","","0.0","","11","","5","","16.1","","101.31","","","","-5","","NA"
"-79.40","43.63","TORONTO CITY CENTRE","6158359","2021-01-24 19:00","2021","01","24","19:00","-2.6","","-8.7","","63","","0.0","","10","","5","","16.1","","101.29","","","","-5","","NA"
"-79.40","43.63","TORONTO CITY CENTRE","6158359","2021-01-24 20:00","2021","01","24","20:00","-2.6","","-8.7","","63","","0.0","","","M","4","","16.1","","101.25","","","","-4","","NA"
"-79.40","43.63","TORONTO CITY CENTRE","6158359","2021-01-24 21:00","2021","01","24","21:00","-2.2","","-7.9","","65","","0.0","","15","","8","","16.1","","101.20","","","","-5","","NA"
"-79.40","43.63","TORONTO CITY CENTRE","6158359","2021-01-24 22:00","2021","01","24","22:00","-2.2","","-7.3","","68","","0.0","","13","","9","","16.1","","101.15","","","","-6","","NA"
"-79.40","43.63","TORONTO CITY CENTRE","6158359","2021-01-24 23:00","2021","01","24","23:00","-2.2","","-6.9","","70","","0.0","","15","","9","","16.1","","101.18","","","","-6","","NA"
"-79.40","43.63","TORONTO CITY CENTRE","6158359","2021-01-25 00:00","2021","01","25","00:00","-2.2","","-7.0","","70","","0.0","","14","","9","","16.1","","101.15","","","","-6","","NA"
"-79.40","43.63","TORONTO CITY CENTRE","6158359","2021-01-25 01:00","2021","01","25","01:00","-2.3","","-6.8","","72","","0.0","","14","","8","","16.1","","101.10","","","","-5","","NA"
"-79.40","43.63","TORONTO CITY CENTRE","6158359","2021-01-25 02:00","2021","01","25","02:00","-2.2","","-7.0","","70","","0.0","","14","","5","","16.1","","101.12","","","","-4","","NA"
"-79.40","43.63","TORONTO CITY CENTRE","6158359","2021-01-25 03:00","2021","01","25","03:00","-2.0","","-7.0","","69","","0.0","","13","","4","","16.1","","101.12","","","","-3","","NA"
"-79.40","43.63","TORONTO CITY CENTRE","6158359","2021-01-25 04:00","2021","01","25","04:00","-2.0","","-7.1","","68","","0.0","","9","","4","","16.1","","101.08","","","","-3","","NA"
"-79.40","43.63","TORONTO CITY CENTRE","6158359","2021-01-25 05:00","2021","01","25","05:00","-1.7","","-7.3","","66","","0.0","","","","0","","16.1","","101.09","","","","","","NA"
"-79.40","43.63","TORONTO CITY CENTRE","6158359","2021-01-25 06:00","2021","01","25","06:00","-2.3","","-6.9","","71","","0.0","","","","0","","16.1","","101.17","","","","","","NA"
"-79.40","43.63","TORONTO CITY CENTRE","6158359","2021-01-25 07:00","2021","01","25","07:00","-2.4","","-6.1","","76","","0.0","","","","0","","16.1","","101.13","","","","","","NA"
"-79.40","43.63","TORONTO CITY CENTRE","6158359","2021-01-25 08:00","2021","01","25","08:00","-2.2","","-5.8","","76","","0.0","","","","0","","16.1","","101.13","","","","","","NA"
"-79.40","43.63","TORONTO CITY CENTRE","6158359","2021-01-25 09:00","2021","01","25","09:00","-1.3","","-6.3","","69","","0.0","","","","0","","16.1","","101.07","","","","","","NA"
"-79.40","43.63","TORONTO CITY CENTRE","6158359","2021-01-25 10:00","2021","01","25","10:00","-0.2","","-5.7","","67","","0.0","","26","","9","","16.1","","101.12","","","","-3","","NA"
"-79.40","43.63","TORONTO CITY CENTRE","6158359","2021-01-25 11:00","2021","01","25","11:00","0.3","","-5.8","","64","","0.0","","22","","11","","16.1","","101.13","","","","","","NA"
"-79.40","43.63","TORONTO CITY CENTRE","6158359","2021-01-25 12:00","2021","01","25","12:00","0.2","","-6.0","","63","","0.0","","21","","9","","16.1","","101.03","","","","","","NA"
"-79.40","43.63","TORONTO CITY CENTRE","6158359","2021-01-25 13:00","2021","01","25","13:00","0.6","","-5.5","","64","","0.0","","20","","11","","16.1","","100.94","","","","","","NA"
"-79.40","43.63","TORONTO CITY CENTRE","6158359","2021-01-25 14:00","2021","01","25","14:00","1.1","","-4.9","","65","","0.0","","18","","15","","16.1","","100.93","","","","","","NA"
"-79.40","43.63","TORONTO CITY CENTRE","6158359","2021-01-25 15:00","2021","01","25","15:00","0.6","","-4.8","","67","","0.0","","17","","11","","16.1","","100.87","","","","","","NA"
"-79.40","43.63","TORONTO CITY CENTRE","6158359","2021-01-25 16:00","2021","01","25","16:00","0.4","","-4.8","","68","","0.0","","17","","9","","16.1","","100.90","","","","","","NA"
"-79.40","43.63","TORONTO CITY CENTRE","6158359","2021-01-25 17:00","2021","01","25","17:00","0.0","","-4.3","","73","","0.0","","","M","4","","16.1","","100.94","","","","-1","","NA"
"-79.40","43.63","TORONTO CITY CENTRE","6158359","2021-01-25 18:00","2021","01","25","18:00","-0.6","","-4.3","","76","","0.0","","5","","4","","16.1","","100.93","","","","-2","","NA"
"-79.40","43.63","TORONTO CITY CENTRE","6158359","2021-01-25 19:00","2021","01","25","19:00","-0.7","","-3.1","","84","","0.0","","7","","9","","16.1","","100.91","","","","-4","","NA"
"-79.40","43.63","TORONTO CITY CENTRE","6158359","2021-01-25 20:00","2021","01","25","20:00","-0.6","","-3.6","","80","","0.0","","6","","15","","16.1","","100.89","","","","-5","","NA"
"-79.40","43.63","TORONTO CITY CENTRE","6158359","2021-01-25 21:00","2021","01","25","21:00","-0.2","","-3.1","","81","","0.0","","6","","15","","16.1","","100.82","","","","-5","","NA"
"-79.40","43.63","TORONTO CITY CENTRE","6158359","2021-01-25 22:00","2021","01","25","22:00","0.2","","-3.0","","79","","0.0","","6","","17","","16.1","","100.83","","","","","","NA"
"-79.40","43.63","TORONTO CITY CENTRE","6158359","2021-01-25 23:00","2021","01","25","23:00","0.1","","-3.0","","80","","0.0","","6","","17","","16.1","","100.81","","","","","","NA"
"-79.40","43.63","TORONTO CITY CENTRE","6158359","2021-01-26 00:00","2021","01","26","00:00","-0.1","","-3.3","","79","","0.0","","5","","17","","16.1","","100.77","","","","-5","","NA"
"-79.40","43.63","TORONTO CITY CENTRE","6158359","2021-01-26 01:00","2021","01","26","01:00","0.0","","-3.0","","80","","0.0","","6","","17","","16.1","","100.69","","","","-5","","NA"
"-79.40","43.63","TORONTO CITY CENTRE","6158359","2021-01-26 02:00","2021","01","26","02:00","0.2","","-3.2","","78","","0.0","","4","","21","","16.1","","100.62","","","","","","NA"
"-79.40","43.63","TORONTO CITY CENTRE","6158359","2021-01-26 03:00","2021","01","26","03:00","0.3","","-2.3","","83","","0.0","","6","","24","","16.1","","100.52","","","","","","NA"
"-79.40","43.63","TORONTO CITY CENTRE","6158359","2021-01-26 04:00","2021","01","26","04:00","0.6","","-2.0","","83","","0.0","","7","","22","","16.1","","100.46","","","","","","NA"
"-79.40","43.63","TORONTO CITY CENTRE","6158359","2021-01-26 05:00","2021","01","26","05:00","1.4","","-2.4","","76","","0.0","","7","","34","","16.1","","100.30","","","","","","NA"
"-79.40","43.63","TORONTO CITY CENTRE","6158359","2021-01-26 06:00","2021","01","26","06:00","1.4","","-2.8","","74","","0.0","","7","","39","","16.1","","100.23","","","","","","NA"
"-79.40","43.63","TORONTO CITY CENTRE","6158359","2021-01-26 07:00","2021","01","26","07:00","0.3","","-2.4","","82","","0.0","","5","","37","","16.1","","100.20","","","","","","NA"
"-79.40","43.63","TORONTO CITY CENTRE","6158359","2021-01-26 08:00","2021","01","26","08:00","0.2","","-2.4","","83","","0.0","","5","","43","","16.1","","100.10","","","","","","NA"
"-79.40","43.63","TORONTO CITY CENTRE","6158359","2021-01-26 09:00","2021","01","26","09:00","0.4","","-2.7","","80","","0.0","","6","","55","","16.1","","99.98","","","","","","NA"
"-79.40","43.63","TORONTO CITY CENTRE","6158359","2021-01-26 10:00","2021","01","26","10:00","-0.2","","-2.6","","84","","0.0","","6","","46","","6.4","","100.05","","","","-8","","Snow"
"-79.40","43.63","TORONTO CITY CENTRE","6158359","2021-01-26 11:00","2021","01","26","11:00","-1.1","","-2.1","","93","","0.2","","6","","52","","0.6","","99.97","","","","-10","","Moderate Snow"
"-79.40","43.63","TORONTO CITY CENTRE","6158359","2021-01-26 12:00","2021","01","26","12:00","-1.2","","-2.0","","94","","0.5","","6","","52","","0.8","","99.85","","","","-10","","Moderate Snow"
"-79.40","43.63","TORONTO CITY CENTRE","6158359","2021-01-26 13:00","2021","01","26","13:00","-1.7","","-2.7","","93","","0.0","","5","","48","","1.0","","99.74","","","","-10","","Snow"
"-79.40","43.63","TORONTO CITY CENTRE","6158359","2021-01-26 14:00","2021","01","26","14:00","-1.3","","-2.0","","95","","0.2","","6","","54","","0.6","","99.61","","","","-10","","Moderate Snow"
"-79.40","43.63","TORONTO CITY CENTRE","6158359","2021-01-26 15:00","2021","01","26","15:00","-0.9","","-1.5","","96","","0.8","","6","","43","","0.4","","99.65","","","","-9","","Heavy Snow"
"-79.40","43.63","TORONTO CITY CENTRE","6158359","2021-01-26 16:00","2021","01","26","16:00","-0.2","","-1.3","","92","","0.0","","4","","26","","6.4","","99.72","","","","-6","","Snow"
"-79.40","43.63","TORONTO CITY CENTRE","6158359","2021-01-26 17:00","2021","01","26","17:00","-1.7","","-3.1","","90","","1.0","","36","","17","","1.2","","99.82","","","","-7","","Snow"
"-79.40","43.63","TORONTO CITY CENTRE","6158359","2021-01-26 18:00","2021","01","26","18:00","-1.6","","-4.4","","81","","0.0","","1","","26","","11.3","","99.88","","","","-8","","Snow"
"-79.40","43.63","TORONTO CITY CENTRE","6158359","2021-01-26 19:00","2021","01","26","19:00","-1.8","","-4.3","","83","","0.0","","2","","24","","9.7","","99.98","","","","-8","","Snow"
"-79.40","43.63","TORONTO CITY CENTRE","6158359","2021-01-26 20:00","2021","01","26","20:00","-1.9","","-4.9","","80","","0.0","","36","","24","","16.1","","100.12","","","","-8","","Snow"
"-79.40","43.63","TORONTO CITY CENTRE","6158359","2021-01-26 21:00","2021","01","26","21:00","-2.2","","-5.5","","78","","0.0","","35","","28","","16.1","","100.22","","","","-9","","Snow"
"-79.40","43.63","TORONTO CITY CENTRE","6158359","2021-01-26 22:00","2021","01","26","22:00","-2.7","","-6.0","","78","","0.0","","35","","24","","16.1","","100.31","","","","-9","","Snow"
"-79.40","43.63","TORONTO CITY CENTRE","6158359","2021-01-26 23:00","2021","01","26","23:00","-3.5","","-6.8","","78","","0.0","","32","","21","","16.1","","100.45","","","","-10","","NA"
"-79.40","43.63","TORONTO CITY CENTRE","6158359","2021-01-27 00:00","2021","01","27","00:00","-3.6","","-7.2","","76","","0.0","","35","","13","","16.1","","100.60","","","","-8","","NA"
"-79.40","43.63","TORONTO CITY CENTRE","6158359","2021-01-27 01:00","2021","01","27","01:00","-3.3","","-6.8","","77","","0.0","","33","","13","","16.1","","100.68","","","","-8","","NA"
"-79.40","43.63","TORONTO CITY CENTRE","6158359","2021-01-27 02:00","2021","01","27","02:00","-3.6","","-7.2","","76","","0.0","","32","","11","","16.1","","100.80","","","","-8","","NA"
"-79.40","43.63","TORONTO CITY CENTRE","6158359","2021-01-27 03:00","2021","01","27","03:00","-4.5","","-7.4","","80","","0.0","","31","","18","","16.1","","100.94","","","","-11","","NA"
"-79.40","43.63","TORONTO CITY CENTRE","6158359","2021-01-27 04:00","2021","01","27","04:00","-4.8","","-7.9","","79","","0.0","","32","","15","","16.1","","100.97","","","","-10","","NA"
"-79.40","43.63","TORONTO CITY CENTRE","6158359","2021-01-27 05:00","2021","01","27","05:00","-5.2","","-8.3","","79","","0.0","","31","","15","","16.1","","101.11","","","","-11","","NA"
"-79.40","43.63","TORONTO CITY CENTRE","6158359","2021-01-27 06:00","2021","01","27","06:00","-5.0","","-8.3","","78","","0.0","","32","","13","","16.1","","101.16","","","","-10","","NA"
"-79.40","43.63","TORONTO CITY CENTRE","6158359","2021-01-27 07:00","2021","01","27","07:00","-4.7","","-8.3","","76","","0.0","","30","","13","","16.1","","101.27","","","","-10","","NA"
"-79.40","43.63","TORONTO CITY CENTRE","6158359","2021-01-27 08:00","2021","01","27","08:00","-4.0","","-7.8","","75","","0.0","","31","","13","","16.1","","101.28","","","","-9","","Snow"
"-79.40","43.63","TORONTO CITY CENTRE","6158359","2021-01-27 09:00","2021","01","27","09:00","-3.6","","-7.9","","72","","0.0","","31","","17","","16.1","","101.31","","","","-9","","NA"
"-79.40","43.63","TORONTO CITY CENTRE","6158359","2021-01-27 10:00","2021","01","27","10:00","-3.5","","-8.2","","70","","0.0","","32","","18","","16.1","","101.39","","","","-9","","NA"
"-79.40","43.63","TORONTO CITY CENTRE","6158359","2021-01-27 11:00","2021","01","27","11:00","-3.3","","-8.7","","66","","0.0","","34","","17","","16.1","","101.41","","","","-9","","NA"
"-79.40","43.63","TORONTO CITY CENTRE","6158359","2021-01-27 12:00","2021","01","27","12:00","-3.0","","-9.6","","61","","0.0","","36","","17","","16.1","","101.37","","","","-9","","NA"
"-79.40","43.63","TORONTO CITY CENTRE","6158359","2021-01-27 13:00","2021","01","27","13:00","-2.7","","-9.1","","62","","0.0","","30","","15","","16.1","","101.39","","","","-8","","NA"
"-79.40","43.63","TORONTO CITY CENTRE","6158359","2021-01-27 14:00","2021","01","27","14:00","-2.7","","-9.0","","62","","0.0","","33","","13","","16.1","","101.40","","","","-7","","NA"
"-79.40","43.63","TORONTO CITY CENTRE","6158359","2021-01-27 15:00","2021","01","27","15:00","-3.2","","-9.7","","61","","0.0","","35","","15","","16.1","","101.41","","","","-8","","NA"
"-79.40","43.63","TORONTO CITY CENTRE","6158359","2021-01-27 16:00","2021","01","27","16:00","-3.8","","-10.1","","62","","0.0","","36","","17","","16.1","","101.44","","","","-10","","NA"
"-79.40","43.63","TORONTO CITY CENTRE","6158359","2021-01-27 17:00","2021","01","27","17:00","-4.2","","-10.7","","61","","0.0","","32","","22","","16.1","","101.46","","","","-11","","NA"
"-79.40","43.63","TORONTO CITY CENTRE","6158359","2021-01-27 18:00","2021","01","27","18:00","-4.8","","-10.6","","64","","0.0","","32","","18","","16.1","","101.53","","","","-11","","NA"
"-79.40","43.63","TORONTO CITY CENTRE","6158359","2021-01-27 19:00","2021","01","27","19:00","-5.6","","-9.8","","73","","0.0","","32","","18","","16.1","","101.56","","","","-12","","NA"
"-79.40","43.63","TORONTO CITY CENTRE","6158359","2021-01-27 20:00","2021","01","27","20:00","-6.2","","-9.9","","75","","0.0","","32","","15","","16.1","","101.60","","","","-12","","NA"
"-79.40","43.63","TORONTO CITY CENTRE","6158359","2021-01-27 21:00","2021","01","27","21:00","-6.4","","-10.0","","76","","0.0","","32","","13","","16.1","","101.60","","","","-12","","NA"
"-79.40","43.63","TORONTO CITY CENTRE","6158359","2021-01-27 22:00","2021","01","27","22:00","-6.1","","-10.5","","71","","0.0","","35","","13","","16.1","","101.62","","","","-11","","NA"
"-79.40","43.63","TORONTO CITY CENTRE","6158359","2021-01-27 23:00","2021","01","27","23:00","-6.9","","-11.5","","70","","0.0","","33","","11","","16.1","","101.68","","","","-12","","NA"
"-79.40","43.63","TORONTO CITY CENTRE","6158359","2021-01-28 00:00","2021","01","28","00:00","-7.6","","-12.5","","68","","0.0","","31","","15","","16.1","","101.73","","","","-14","","NA"
"-79.40","43.63","TORONTO CITY CENTRE","6158359","2021-01-28 01:00","2021","01","28","01:00","-7.9","","-13.4","","65","","0.0","","33","","11","","16.1","","101.74","","","","-13","","NA"
"-79.40","43.63","TORONTO CITY CENTRE","6158359","2021-01-28 02:00","2021","01","28","02:00","-8.8","","-13.3","","70","","0.0","","30","","13","","16.1","","101.74","","","","-15","","NA"
"-79.40","43.63","TORONTO CITY CENTRE","6158359","2021-01-28 03:00","2021","01","28","03:00","-9.0","","-13.7","","69","","0.0","","33","","9","","16.1","","101.76","","","","-14","","NA"
"-79.40","43.63","TORONTO CITY CENTRE","6158359","2021-01-28 04:00","2021","01","28","04:00","-9.2","","-13.9","","69","","0.0","","33","","17","","16.1","","101.76","","","","-16","","NA"
"-79.40","43.63","TORONTO CITY CENTRE","6158359","2021-01-28 05:00","2021","01","28","05:00","-10.4","","-14.9","","70","","0.0","","32","","11","","16.1","","101.83","","","","-16","","NA"
"-79.40","43.63","TORONTO CITY CENTRE","6158359","2021-01-28 06:00","2021","01","28","06:00","-11.1","","-15.6","","70","","0.0","","31","","18","","16.1","","101.89","","","","-19","","NA"
"-79.40","43.63","TORONTO CITY CENTRE","6158359","2021-01-28 07:00","2021","01","28","07:00","-11.7","","-15.8","","72","","0.0","","32","","13","","16.1","","101.95","","","","-18","","NA"
"-79.40","43.63","TORONTO CITY CENTRE","6158359","2021-01-28 08:00","2021","01","28","08:00","-11.8","","-15.9","","72","","0.0","","32","","13","","16.1","","102.03","","","","-18","","NA"
"-79.40","43.63","TORONTO CITY CENTRE","6158359","2021-01-28 09:00","2021","01","28","09:00","-11.5","","-16.1","","69","","0.0","","32","","18","","16.1","","102.07","","","","-19","","Snow"
"-79.40","43.63","TORONTO CITY CENTRE","6158359","2021-01-28 10:00","2021","01","28","10:00","-10.5","","-15.3","","68","","0.0","","33","","9","","16.1","","102.08","","","","-15","","NA"
"-79.40","43.63","TORONTO CITY CENTRE","6158359","2021-01-28 11:00","2021","01","28","11:00","-9.6","","-14.6","","67","","0.0","","33","","9","","16.1","","102.10","","","","-14","","NA"
"-79.40","43.63","TORONTO CITY CENTRE","6158359","2021-01-28 12:00","2021","01","28","12:00","-8.4","","-14.5","","62","","0.0","","31","","21","","16.1","","102.05","","","","-16","","NA"
"-79.40","43.63","TORONTO CITY CENTRE","6158359","2021-01-28 13:00","2021","01","28","13:00","-7.3","","-13.8","","60","","0.0","","30","","21","","16.1","","101.98","","","","-15","","NA"
"-79.40","43.63","TORONTO CITY CENTRE","6158359","2021-01-28 14:00","2021","01","28","14:00","-7.2","","-14.7","","56","","0.0","","31","","28","","16.1","","101.96","","","","-16","","NA"
"-79.40","43.63","TORONTO CITY CENTRE","6158359","2021-01-28 15:00","2021","01","28","15:00","-7.4","","-17.2","","46","","0.0","","30","","24","","16.1","","101.99","","","","-15","","NA"
"-79.40","43.63","TORONTO CITY CENTRE","6158359","2021-01-28 16:00","2021","01","28","16:00","-8.0","","-15.3","","56","","0.0","","31","","22","","16.1","","102.02","","","","-16","","NA"
"-79.40","43.63","TORONTO CITY CENTRE","6158359","2021-01-28 17:00","2021","01","28","17:00","-7.5","","-14.0","","60","","0.0","","31","","21","","16.1","","102.00","","","","-15","","NA"
"-79.40","43.63","TORONTO CITY CENTRE","6158359","2021-01-28 18:00","2021","01","28","18:00","-7.3","","-13.1","","64","","0.0","","29","","18","","16.1","","101.94","","","","-14","","Snow"
"-79.40","43.63","TORONTO CITY CENTRE","6158359","2021-01-28 19:00","2021","01","28","19:00","-6.8","","-12.7","","63","","0.0","","29","","28","","16.1","","101.90","","","","-15","","NA"
"-79.40","43.63","TORONTO CITY CENTRE","6158359","2021-01-28 20:00","2021","01","28","20:00","-7.3","","-13.0","","64","","0.0","","29","","24","","16.1","","101.89","","","","-15","","NA"
"-79.40","43.63","TORONTO CITY CENTRE","6158359","2021-01-28 21:00","2021","01","28","21:00","-7.7","","-13.8","","62","","0.0","","30","","24","","16.1","","101.86","","","","-16","","NA"
"-79.40","43.63","TORONTO CITY CENTRE","6158359","2021-01-28 22:00","2021","01","28","22:00","-7.8","","-13.9","","62","","0.0","","31","","13","","16.1","","101.82","","","","-14","","NA"
"-79.40","43.63","TORONTO CITY CENTRE","6158359","2021-01-28 23:00","2021","01","28","23:00","-8.3","","-12.3","","73","","0.0","","32","","13","","16.1","","101.85","","","","-14","","NA"
"-79.40","43.63","TORONTO CITY CENTRE","6158359","2021-01-29 00:00","2021","01","29","00:00","-9.4","","-14.8","","65","","0.0","","35","","9","","16.1","","101.90","","","","-14","","NA"
"-79.40","43.63","TORONTO CITY CENTRE","6158359","2021-01-29 01:00","2021","01","29","01:00","-10.8","","-16.2","","65","","0.0","","","M","","M","16.1","","101.88","","","","","","NA"
"-79.40","43.63","TORONTO CITY CENTRE","6158359","2021-01-29 02:00","2021","01","29","02:00","-11.8","","-17.6","","63","","0.0","","34","","21","","16.1","","101.93","","","","-20","","NA"
"-79.40","43.63","TORONTO CITY CENTRE","6158359","2021-01-29 03:00","2021","01","29","03:00","-12.0","","-17.9","","62","","0.0","","32","","21","","16.1","","101.94","","","","-21","","NA"
"-79.40","43.63","TORONTO CITY CENTRE","6158359","2021-01-29 04:00","2021","01","29","04:00","-11.8","","-17.5","","63","","0.0","","32","","15","","16.1","","101.94","","","","-19","","NA"
"-79.40","43.63","TORONTO CITY CENTRE","6158359","2021-01-29 05:00","2021","01","29","05:00","-11.3","","-16.7","","65","","0.0","","31","","17","","16.1","","101.88","","","","-19","","NA"
"-79.40","43.63","TORONTO CITY CENTRE","6158359","2021-01-29 06:00","2021","01","29","06:00","-11.4","","-16.0","","69","","0.0","","31","","11","","16.1","","101.86","","","","-17","","NA"
"-79.40","43.63","TORONTO CITY CENTRE","6158359","2021-01-29 07:00","2021","01","29","07:00","-11.8","","-15.9","","72","","0.0","","31","","11","","16.1","","101.84","","","","-18","","NA"
"-79.40","43.63","TORONTO CITY CENTRE","6158359","2021-01-29 08:00","2021","01","29","08:00","-11.4","","-15.5","","72","","0.0","","30","","11","","16.1","","101.88","","","","-17","","NA"
"-79.40","43.63","TORONTO CITY CENTRE","6158359","2021-01-29 09:00","2021","01","29","09:00","-10.3","","-14.8","","70","","0.0","","33","","8","","16.1","","101.89","","","","-15","","NA"
"-79.40","43.63","TORONTO CITY CENTRE","6158359","2021-01-29 10:00","2021","01","29","10:00","-10.0","","-13.5","","76","","0.0","","31","","11","","16.1","","101.89","","","","-16","","Snow"
"-79.40","43.63","TORONTO CITY CENTRE","6158359","2021-01-29 11:00","2021","01","29","11:00","-9.7","","-14.7","","67","","0.0","","32","","17","","16.1","","101.89","","","","-17","","NA"
"-79.40","43.63","TORONTO CITY CENTRE","6158359","2021-01-29 12:00","2021","01","29","12:00","-9.4","","-14.8","","65","","0.0","","34","","8","","16.1","","101.84","","","","-14","","NA"
"-79.40","43.63","TORONTO CITY CENTRE","6158359","2021-01-29 13:00","2021","01","29","13:00","-9.3","","-15.3","","62","","0.0","","30","","9","","16.1","","101.78","","","","-14","","NA"
"-79.40","43.63","TORONTO CITY CENTRE","6158359","2021-01-29 14:00","2021","01","29","14:00","-8.5","","-14.4","","63","","0.0","","31","","8","","16.1","","101.72","","","","-13","","NA"
"-79.40","43.63","TORONTO CITY CENTRE","6158359","2021-01-29 15:00","2021","01","29","15:00","-7.8","","-13.5","","64","","0.0","","30","","11","","16.1","","101.72","","","","-13","","NA"
"-79.40","43.63","TORONTO CITY CENTRE","6158359","2021-01-29 16:00","2021","01","29","16:00","-7.3","","-13.1","","63","","0.0","","31","","11","","16.1","","101.72","","","","-12","","NA"
"-79.40","43.63","TORONTO CITY CENTRE","6158359","2021-01-29 17:00","2021","01","29","17:00","-7.2","","-13.3","","62","","0.0","","31","","15","","16.1","","101.72","","","","-13","","NA"
"-79.40","43.63","TORONTO CITY CENTRE","6158359","2021-01-29 18:00","2021","01","29","18:00","-6.8","","-12.7","","63","","0.0","","31","","17","","16.1","","101.75","","","","-13","","NA"
"-79.40","43.63","TORONTO CITY CENTRE","6158359","2021-01-29 19:00","2021","01","29","19:00","-6.3","","-12.3","","63","","0.0","","31","","22","","16.1","","101.77","","","","-14","","Snow"
"-79.40","43.63","TORONTO CITY CENTRE","6158359","2021-01-29 20:00","2021","01","29","20:00","-7.2","","-12.2","","68","","0.0","","1","","9","","16.1","","101.80","","","","-12","","Snow"
"-79.40","43.63","TORONTO CITY CENTRE","6158359","2021-01-29 21:00","2021","01","29","21:00","-7.5","","-12.3","","69","","0.0","","32","","11","","16.1","","101.83","","","","-13","","Snow"
"-79.40","43.63","TORONTO CITY CENTRE","6158359","2021-01-29 22:00","2021","01","29","22:00","-7.5","","-12.3","","69","","0.0","","31","","9","","16.1","","101.86","","","","-12","","Snow"
"-79.40","43.63","TORONTO CITY CENTRE","6158359","2021-01-29 23:00","2021","01","29","23:00","-7.9","","-12.6","","69","","0.0","","2","","11","","16.1","","101.86","","","","-13","","Snow"
"-79.40","43.63","TORONTO CITY CENTRE","6158359","2021-01-30 00:00","2021","01","30","00:00","-8.6","","-13.3","","69","","0.0","","32","","9","","16.1","","101.88","","","","-13","","NA"
"-79.40","43.63","TORONTO CITY CENTRE","6158359","2021-01-30 01:00","2021","01","30","01:00","-9.2","","-13.5","","71","","0.0","","32","","9","","16.1","","101.88","","","","-14","","NA"
"-79.40","43.63","TORONTO CITY CENTRE","6158359","2021-01-30 02:00","2021","01","30","02:00","-9.5","","-14.7","","66","","0.0","","31","","11","","16.1","","101.91","","","","-15","","NA"
"-79.40","43.63","TORONTO CITY CENTRE","6158359","2021-01-30 03:00","2021","01","30","03:00","-9.5","","-15.3","","63","","0.0","","32","","8","","16.1","","101.90","","","","-14","","NA"
"-79.40","43.63","TORONTO CITY CENTRE","6158359","2021-01-30 04:00","2021","01","30","04:00","-9.6","","-15.2","","64","","0.0","","31","","5","","16.1","","101.88","","","","-12","","NA"
"-79.40","43.63","TORONTO CITY CENTRE","6158359","2021-01-30 05:00","2021","01","30","05:00","-9.6","","-15.0","","65","","0.0","","32","","5","","16.1","","101.87","","","","-12","","NA"
"-79.40","43.63","TORONTO CITY CENTRE","6158359","2021-01-30 06:00","2021","01","30","06:00","-9.5","","-13.7","","72","","0.0","","32","","5","","16.1","","101.88","","","","-12","","NA"
"-79.40","43.63","TORONTO CITY CENTRE","6158359","2021-01-30 07:00","2021","01","30","07:00","-9.5","","-13.4","","74","","0.0","","31","","9","","16.1","","101.92","","","","-14","","NA"
"-79.40","43.63","TORONTO CITY CENTRE","6158359","2021-01-30 08:00","2021","01","30","08:00","-9.3","","-13.0","","75","","0.0","","30","","9","","16.1","","101.95","","","","-14","","NA"
"-79.40","43.63","TORONTO CITY CENTRE","6158359","2021-01-30 09:00","2021","01","30","09:00","-8.7","","-12.4","","75","","0.0","","","","0","","16.1","","101.93","","","","","","NA"
"-79.40","43.63","TORONTO CITY CENTRE","6158359","2021-01-30 10:00","2021","01","30","10:00","-6.8","","-11.3","","71","","0.0","","24","","4","","16.1","","101.97","","","","-9","","NA"
"-79.40","43.63","TORONTO CITY CENTRE","6158359","2021-01-30 11:00","2021","01","30","11:00","-6.1","","-10.9","","69","","0.0","","20","","8","","16.1","","102.03","","","","-10","","NA"
"-79.40","43.63","TORONTO CITY CENTRE","6158359","2021-01-30 12:00","2021","01","30","12:00","-5.2","","-10.2","","68","","0.0","","21","","9","","16.1","","102.01","","","","-9","","NA"
"-79.40","43.63","TORONTO CITY CENTRE","6158359","2021-01-30 13:00","2021","01","30","13:00","-4.5","","-10.0","","66","","0.0","","23","","5","","16.1","","101.92","","","","-7","","NA"
"-79.40","43.63","TORONTO CITY CENTRE","6158359","2021-01-30 14:00","2021","01","30","14:00","-3.8","","-9.7","","64","","0.0","","20","","9","","16.1","","101.85","","","","-8","","NA"
"-79.40","43.63","TORONTO CITY CENTRE","6158359","2021-01-30 15:00","2021","01","30","15:00","-3.2","","-9.3","","63","","0.0","","16","","11","","16.1","","101.82","","","","-7","","NA"
"-79.40","43.63","TORONTO CITY CENTRE","6158359","2021-01-30 16:00","2021","01","30","16:00","-3.0","","-8.9","","64","","0.0","","19","","8","","16.1","","101.78","","","","-6","","NA"
"-79.40","43.63","TORONTO CITY CENTRE","6158359","2021-01-30 17:00","2021","01","30","17:00","-3.0","","-9.2","","62","","0.0","","17","","4","","16.1","","101.77","","","","-5","","NA"
"-79.40","43.63","TORONTO CITY CENTRE","6158359","2021-01-30 18:00","2021","01","30","18:00","-4.2","","-8.9","","70","","0.0","","13","","5","","16.1","","101.79","","","","-6","","NA"
"-79.40","43.63","TORONTO CITY CENTRE","6158359","2021-01-30 19:00","2021","01","30","19:00","-4.8","","-9.2","","72","","0.0","","12","","5","","16.1","","101.80","","","","-7","","NA"
"-79.40","43.63","TORONTO CITY CENTRE","6158359","2021-01-30 20:00","2021","01","30","20:00","-5.9","","-9.4","","77","","0.0","","11","","4","","16.1","","101.79","","","","-8","","NA"
"-79.40","43.63","TORONTO CITY CENTRE","6158359","2021-01-30 21:00","2021","01","30","21:00","-5.1","","-10.5","","66","","0.0","","6","","13","","16.1","","101.74","","","","-10","","NA"
"-79.40","43.63","TORONTO CITY CENTRE","6158359","2021-01-30 22:00","2021","01","30","22:00","-5.3","","-10.5","","67","","0.0","","5","","17","","16.1","","101.65","","","","-11","","NA"
"-79.40","43.63","TORONTO CITY CENTRE","6158359","2021-01-30 23:00","2021","01","30","23:00","-5.8","","-10.6","","69","","0.0","","7","","17","","16.1","","101.67","","","","-12","","NA"
"-79.40","43.63","TORONTO CITY CENTRE","6158359","2021-01-31 00:00","2021","01","31","00:00","-6.0","","-10.3","","72","","0.0","","5","","24","","16.1","","101.68","","","","-13","","NA"
"-79.40","43.63","TORONTO CITY CENTRE","6158359","2021-01-31 01:00","2021","01","31","01:00","-5.8","","-12.0","","62","","0.0","","5","","21","","16.1","","101.67","","","","-13","","NA"
"-79.40","43.63","TORONTO CITY CENTRE","6158359","2021-01-31 02:00","2021","01","31","02:00","-6.2","","-9.9","","75","","0.0","","6","","24","","16.1","","101.59","","","","-14","","NA"
"-79.40","43.63","TORONTO CITY CENTRE","6158359","2021-01-31 03:00","2021","01","31","03:00","-5.3","","-8.7","","77","","0.0","","4","","22","","16.1","","101.59","","","","-12","","NA"
"-79.40","43.63","TORONTO CITY CENTRE","6158359","2021-01-31 04:00","2021","01","31","04:00","-5.4","","-8.5","","79","","0.0","","6","","22","","16.1","","101.56","","","","-12","","NA"
"-79.40","43.63","TORONTO CITY CENTRE","6158359","2021-01-31 05:00","2021","01","31","05:00","-4.7","","-7.3","","82","","0.0","","5","","21","","16.1","","101.48","","","","-11","","NA"
"-79.40","43.63","TORONTO CITY CENTRE","6158359","2021-01-31 06:00","2021","01","31","06:00","-4.4","","-6.9","","83","","0.0","","5","","26","","16.1","","101.45","","","","-12","","NA"
"-79.40","43.63","TORONTO CITY CENTRE","6158359","2021-01-31 07:00","2021","01","31","07:00","-4.4","","-6.3","","87","","0.0","","4","","28","","16.1","","101.42","","","","-12","","NA"
"-79.40","43.63","TORONTO CITY CENTRE","6158359","2021-01-31 08:00","2021","01","31","08:00","-4.5","","-6.1","","89","","0.0","","5","","32","","16.1","","101.43","","","","-13","","NA"
"-79.40","43.63","TORONTO CITY CENTRE","6158359","2021-01-31 09:00","2021","01","31","09:00","-4.1","","-5.5","","90","","0.0","","5","","35","","16.1","","101.37","","","","-12","","NA"
"-79.40","43.63","TORONTO CITY CENTRE","6158359","2021-01-31 10:00","2021","01","31","10:00","-4.2","","-5.8","","89","","0.0","","5","","37","","16.1","","101.32","","","","-13","","NA"
"-79.40","43.63","TORONTO CITY CENTRE","6158359","2021-01-31 11:00","2021","01","31","11:00","-4.5","","-5.8","","91","","0.0","","5","","43","","16.1","","101.32","","","","-14","","NA"
"-79.40","43.63","TORONTO CITY CENTRE","6158359","2021-01-31 12:00","2021","01","31","12:00","-4.1","","-5.8","","88","","0.0","","7","","45","","14.5","","101.32","","","","-13","","NA"
"-79.40","43.63","TORONTO CITY CENTRE","6158359","2021-01-31 13:00","2021","01","31","13:00","-5.0","","-6.8","","87","","0.0","","6","","48","","9.7","","101.23","","","","-15","","Fog"
"-79.40","43.63","TORONTO CITY CENTRE","6158359","2021-01-31 14:00","2021","01","31","14:00","-5.0","","-7.1","","85","","0.0","","6","","45","","11.3","","101.20","","","","-15","","NA"
"-79.40","43.63","TORONTO CITY CENTRE","6158359","2021-01-31 15:00","2021","01","31","15:00","-4.7","","-7.2","","83","","0.0","","6","","50","","16.1","","101.16","","","","-15","","NA"
"-79.40","43.63","TORONTO CITY CENTRE","6158359","2021-01-31 16:00","2021","01","31","16:00","-4.4","","-7.1","","82","","0.0","","5","","46","","16.1","","101.10","","","","-14","","NA"
"-79.40","43.63","TORONTO CITY CENTRE","6158359","2021-01-31 17:00","2021","01","31","17:00","-4.7","","-8.5","","75","","0.0","","6","","46","","16.1","","101.12","","","","-14","","NA"
"-79.40","43.63","TORONTO CITY CENTRE","6158359","2021-01-31 18:00","2021","01","31","18:00","-4.7","","-10.1","","66","","0.0","","5","","39","","16.1","","101.12","","","","-14","","NA"
"-79.40","43.63","TORONTO CITY CENTRE","6158359","2021-01-31 19:00","2021","01","31","19:00","-5.0","","-11.4","","61","","0.0","","5","","34","","16.1","","101.14","","","","-13","","NA"
"-79.40","43.63","TORONTO CITY CENTRE","6158359","2021-01-31 20:00","2021","01","31","20:00","-5.3","","-10.3","","68","","0.0","","5","","34","","16.1","","101.14","","","","-14","","NA"
"-79.40","43.63","TORONTO CITY CENTRE","6158359","2021-01-31 21:00","2021","01","31","21:00","-5.1","","-8.8","","76","","0.0","","6","","37","","16.1","","101.13","","","","-14","","NA"
"-79.40","43.63","TORONTO CITY CENTRE","6158359","2021-01-31 22:00","2021","01","31","22:00","-5.6","","-9.2","","76","","0.0","","5","","37","","16.1","","101.13","","","","-15","","NA"
"-79.40","43.63","TORONTO CITY CENTRE","6158359","2021-01-31 23:00","2021","01","31","23:00","-6.5","","-10.2","","75","","0.0","","5","","39","","16.1","","101.09","","","","-16","","NA"
