"Longitude (x)","Latitude (y)","Station Name","Climate ID","Date/Time (LST)","Year","Month","Day","Time (LST)","Temp (°C)","Temp Flag","Dew Point Temp (°C)","Dew Point Temp Flag","Rel Hum (%)","Rel Hum Flag","Precip. Amount (mm)","Precip. Amount Flag","Wind Dir (10s deg)","Wind Dir Flag","Wind Spd (km/h)","Wind Spd Flag","Visibility (km)","Visibility Flag","Stn Press (kPa)","Stn Press Flag","Hmdx","Hmdx Flag","Wind Chill","Wind Chill Flag","Weather"
"-79.40","43.63","TORONTO CITY CENTRE","6158359","2021-08-01 00:00","2021","08","01","00:00","20.6","","16.7","","78","","0.0","","22","","18","","16.1","","100.09","","26","","","","NA"
"-79.40","43.63","TORONTO CITY CENTRE","6158359","2021-08-01 01:00","2021","08","01","01:00","19.8","","16.9","","83","","0.0","","25","","13","","16.1","","100.02","","","","","","NA"
"-79.40","43.63","TORONTO CITY CENTRE","6158359","2021-08-01 02:00","2021","08","01","02:00","19.2","","16.3","","83","","0.0","","25","","18","","16.1","","99.97","","","","","","NA"
"-79.40","43.63","TORONTO CITY CENTRE","6158359","2021-08-01 03:00","2021","08","01","03:00","18.6","","16.4","","87","","0.0","","26","","15","","16.1","","99.97","","","","","","NA"
"-79.40","43.63","TORONTO CITY CENTRE","6158359","2021-08-01 04:00","2021","08","01","04:00","18.2","","15.1","","82","","0.0","","28","","15","","16.1","","100.01","","","","","","NA"
"-79.40","43.63","TORONTO CITY CENTRE","6158359","2021-08-01 05:00","2021","08","01","05:00","17.3","","13.9","","80","","0.0","","31","","15","","16.1","","99.99","","","","","","NA"
"-79.40","43.63","TORONTO CITY CENTRE","6158359","2021-08-01 06:00","2021","08","01","06:00","17.0","","13.8","","81","","0.0","","31","","5","","16.1","","100.05","","","","","","NA"
"-79.40","43.63","TORONTO CITY CENTRE","6158359","2021-08-01 07:00","2021","08","01","07:00","17.6","","14.3","","81","","0.0","","31","","9","","16.1","","100.08","","","","","","NA"
"-79.40","43.63","TORONTO CITY CENTRE","6158359","2021-08-01 08:00","2021","08","01","08:00","18.1","","14.1","","77","","0.0","","33","","9","","16.1","","100.04","","","","","","NA"
"-79.40","43.63","TORONTO CITY CENTRE","6158359","2021-08-01 09:00","2021","08","01","09:00","18.7","","14.0","","74","","0.0","","32","","11","","16.1","","100.06","","","","","","NA"
"-79.40","43.63","TORONTO CITY CENTRE","6158359","2021-08-01 10:00","2021","08","01","10:00","19.0","","14.6","","75","","0.0","","29","","22","","16.1","","100.13","","","","","","Rain"
"-79.40","43.63","TORONTO CITY CENTRE","6158359","2021-08-01 11:00","2021","08","01","11:00","18.7","","14.7","","77","","0.2","","30","","17","","16.1","","100.10","","","","","","NA"
"-79.40","43.63","TORONTO CITY CENTRE","6158359","2021-08-01 12:00","2021","08","01","12:00","20.0","","14.5","","70","","0.0","","32","","17","","16.1","","100.12","","","","","","NA"
"-79.40","43.63","TORONTO CITY CENTRE","6158359","2021-08-01 13:00","2021","08","01","13:00","21.0","","14.4","","66","","0.0","","34","","11","","16.1","","100.12","","25","","","","NA"
"-79.40","43.63","TORONTO CITY CENTRE","6158359","2021-08-01 14:00","2021","08","01","14:00","20.9","","13.5","","62","","0.0","","36","","9","","16.1","","100.11","","","","","","NA"
"-79.40","43.63","TORONTO CITY CENTRE","6158359","2021-08-01 15:00","2021","08","01","15:00","21.2","","12.8","","58","","0.0","","1","","15","","16.1","","100.14","","","","","","NA"
"-79.40","43.63","TORONTO CITY CENTRE","6158359","2021-08-01 16:00","2021","08","01","16:00","20.6","","13.1","","62","","0.0","","35","","17","","16.1","","100.15","","","","","","NA"
"-79.40","43.63","TORONTO CITY CENTRE","6158359","2021-08-01 17:00","2021","08","01","17:00","20.8","","13.8","","64","","0.0","","1","","15","","16.1","","100.21","","","","","","NA"
"-79.40","43.63","TORONTO CITY CENTRE","6158359","2021-08-01 18:00","2021","08","01","18:00","20.6","","14.1","","66","","0.0","","34","","11","","16.1","","100.25","","","","","","NA"
"-79.40","43.63","TORONTO CITY CENTRE","6158359","2021-08-01 19:00","2021","08","01","19:00","18.6","","13.5","","72","","0.0","","2","","18","","16.1","","100.34","","","","","","NA"
"-79.40","43.63","TORONTO CITY CENTRE","6158359","2021-08-01 20:00","2021","08","01","20:00","18.4","","13.6","","73","","0.0","","1","","9","","16.1","","100.42","","","","","","NA"
"-79.40","43.63","TORONTO CITY CENTRE","6158359","2021-08-01 21:00","2021","08","01","21:00","17.6","","14.0","","79","","0.0","","31","","13","","16.1","","100.51","","","","","","NA"
"-79.40","43.63","TORONTO CITY CENTRE","6158359","2021-08-01 22:00","2021","08","01","22:00","17.3","","14.2","","82","","0.0","","32","","17","","16.1","","100.52","","","","","","NA"
"-79.40","43.63","TORONTO CITY CENTRE","6158359","2021-08-01 23:00","2021","08","01","23:00","17.5","","13.9","","79","","0.0","","32","","11","","16.1","","100.57","","","","","","NA"
"-79.40","43.63","TORONTO CITY CENTRE","6158359","2021-08-02 00:00","2021","08","02","00:00","17.3","","13.5","","78","","0.0","","32","","11","","16.1","","100.59","","","","","","NA"
"-79.40","43.63","TORONTO CITY CENTRE","6158359","2021-08-02 01:00","2021","08","02","01:00","16.6","","12.3","","75","","0.0","","32","","13","","16.1","","100.58","","","","","","NA"
"-79.40","43.63","TORONTO CITY CENTRE","6158359","2021-08-02 02:00","2021","08","02","02:00","15.6","","11.6","","77","","0.0","","32","","15","","16.1","","100.59","","","","","","NA"
"-79.40","43.63","TORONTO CITY CENTRE","6158359","2021-08-02 03:00","2021","08","02","03:00","15.8","","11.6","","76","","0.0","","33","","13","","16.1","","100.61","","","","","","NA"
"-79.40","43.63","TORONTO CITY CENTRE","6158359","2021-08-02 04:00","2021","08","02","04:00","15.9","","12.1","","78","","0.0","","34","","15","","16.1","","100.64","","","","","","NA"
"-79.40","43.63","TORONTO CITY CENTRE","6158359","2021-08-02 05:00","2021","08","02","05:00","14.8","","11.8","","82","","0.0","","32","","18","","16.1","","100.70","","","","","","NA"
"-79.40","43.63","TORONTO CITY CENTRE","6158359","2021-08-02 06:00","2021","08","02","06:00","15.5","","12.2","","81","","0.0","","33","","18","","16.1","","100.75","","","","","","NA"
"-79.40","43.63","TORONTO CITY CENTRE","6158359","2021-08-02 07:00","2021","08","02","07:00","17.8","","12.1","","69","","0.0","","33","","17","","16.1","","100.83","","","","","","NA"
"-79.40","43.63","TORONTO CITY CENTRE","6158359","2021-08-02 08:00","2021","08","02","08:00","19.6","","11.1","","57","","0.0","","34","","18","","16.1","","100.87","","","","","","NA"
"-79.40","43.63","TORONTO CITY CENTRE","6158359","2021-08-02 09:00","2021","08","02","09:00","21.2","","10.9","","52","","0.0","","32","","8","","16.1","","100.92","","","","","","NA"
"-79.40","43.63","TORONTO CITY CENTRE","6158359","2021-08-02 10:00","2021","08","02","10:00","22.5","","8.3","","40","","0.0","","32","","15","","16.1","","100.95","","","","","","NA"
"-79.40","43.63","TORONTO CITY CENTRE","6158359","2021-08-02 11:00","2021","08","02","11:00","22.9","","8.1","","38","","0.0","","3","","11","","16.1","","100.96","","","","","","NA"
"-79.40","43.63","TORONTO CITY CENTRE","6158359","2021-08-02 12:00","2021","08","02","12:00","22.8","","8.6","","40","","0.0","","32","","15","","16.1","","100.96","","","","","","NA"
"-79.40","43.63","TORONTO CITY CENTRE","6158359","2021-08-02 13:00","2021","08","02","13:00","22.4","","12.1","","52","","0.0","","16","","18","","16.1","","100.93","","25","","","","NA"
"-79.40","43.63","TORONTO CITY CENTRE","6158359","2021-08-02 14:00","2021","08","02","14:00","22.4","","13.3","","56","","0.0","","19","","18","","16.1","","100.90","","25","","","","NA"
"-79.40","43.63","TORONTO CITY CENTRE","6158359","2021-08-02 15:00","2021","08","02","15:00","22.7","","12.7","","53","","0.0","","18","","15","","16.1","","100.87","","25","","","","NA"
"-79.40","43.63","TORONTO CITY CENTRE","6158359","2021-08-02 16:00","2021","08","02","16:00","22.8","","12.5","","52","","0.0","","20","","15","","16.1","","100.86","","25","","","","NA"
"-79.40","43.63","TORONTO CITY CENTRE","6158359","2021-08-02 17:00","2021","08","02","17:00","22.6","","12.0","","51","","0.0","","17","","13","","16.1","","100.82","","25","","","","NA"
"-79.40","43.63","TORONTO CITY CENTRE","6158359","2021-08-02 18:00","2021","08","02","18:00","22.0","","14.4","","61","","0.0","","18","","9","","16.1","","100.82","","26","","","","NA"
"-79.40","43.63","TORONTO CITY CENTRE","6158359","2021-08-02 19:00","2021","08","02","19:00","21.3","","14.3","","64","","0.0","","15","","8","","16.1","","100.82","","25","","","","NA"
"-79.40","43.63","TORONTO CITY CENTRE","6158359","2021-08-02 20:00","2021","08","02","20:00","20.4","","15.0","","71","","0.0","","","M","4","","16.1","","100.84","","","","","","NA"
"-79.40","43.63","TORONTO CITY CENTRE","6158359","2021-08-02 21:00","2021","08","02","21:00","20.6","","15.7","","73","","0.0","","","M","5","","16.1","","100.85","","25","","","","NA"
"-79.40","43.63","TORONTO CITY CENTRE","6158359","2021-08-02 22:00","2021","08","02","22:00","19.8","","14.0","","69","","0.0","","31","","11","","16.1","","100.87","","","","","","NA"
"-79.40","43.63","TORONTO CITY CENTRE","6158359","2021-08-02 23:00","2021","08","02","23:00","20.4","","12.2","","59","","0.0","","34","","9","","16.1","","100.91","","","","","","NA"
"-79.40","43.63","TORONTO CITY CENTRE","6158359","2021-08-03 00:00","2021","08","03","00:00","18.6","","11.7","","64","","0.0","","","","0","","16.1","","100.96","","","","","","NA"
"-79.40","43.63","TORONTO CITY CENTRE","6158359","2021-08-03 01:00","2021","08","03","01:00","17.7","","12.4","","71","","0.0","","27","","8","","16.1","","100.97","","","","","","NA"
"-79.40","43.63","TORONTO CITY CENTRE","6158359","2021-08-03 02:00","2021","08","03","02:00","18.1","","12.0","","67","","0.0","","32","","5","","16.1","","100.94","","","","","","NA"
"-79.40","43.63","TORONTO CITY CENTRE","6158359","2021-08-03 03:00","2021","08","03","03:00","17.1","","11.9","","71","","0.0","","30","","5","","16.1","","100.94","","","","","","NA"
"-79.40","43.63","TORONTO CITY CENTRE","6158359","2021-08-03 04:00","2021","08","03","04:00","16.5","","12.3","","76","","0.0","","30","","5","","16.1","","100.93","","","","","","NA"
"-79.40","43.63","TORONTO CITY CENTRE","6158359","2021-08-03 05:00","2021","08","03","05:00","16.5","","11.3","","71","","0.0","","30","","5","","16.1","","100.94","","","","","","NA"
"-79.40","43.63","TORONTO CITY CENTRE","6158359","2021-08-03 06:00","2021","08","03","06:00","16.8","","11.6","","71","","0.0","","28","","5","","16.1","","100.96","","","","","","NA"
"-79.40","43.63","TORONTO CITY CENTRE","6158359","2021-08-03 07:00","2021","08","03","07:00","18.1","","12.4","","69","","0.0","","24","","8","","16.1","","100.97","","","","","","NA"
"-79.40","43.63","TORONTO CITY CENTRE","6158359","2021-08-03 08:00","2021","08","03","08:00","19.0","","12.9","","67","","0.0","","20","","8","","16.1","","101.00","","","","","","NA"
"-79.40","43.63","TORONTO CITY CENTRE","6158359","2021-08-03 09:00","2021","08","03","09:00","20.2","","14.5","","70","","0.0","","18","","9","","16.1","","101.01","","","","","","NA"
"-79.40","43.63","TORONTO CITY CENTRE","6158359","2021-08-03 10:00","2021","08","03","10:00","21.3","","15.3","","68","","0.0","","17","","11","","16.1","","101.01","","25","","","","NA"
"-79.40","43.63","TORONTO CITY CENTRE","6158359","2021-08-03 11:00","2021","08","03","11:00","22.2","","17.2","","73","","0.0","","17","","15","","16.1","","100.98","","28","","","","NA"
"-79.40","43.63","TORONTO CITY CENTRE","6158359","2021-08-03 12:00","2021","08","03","12:00","23.1","","17.5","","70","","0.0","","17","","17","","16.1","","100.93","","29","","","","NA"
"-79.40","43.63","TORONTO CITY CENTRE","6158359","2021-08-03 13:00","2021","08","03","13:00","23.7","","17.3","","67","","0.0","","17","","17","","16.1","","100.87","","29","","","","NA"
"-79.40","43.63","TORONTO CITY CENTRE","6158359","2021-08-03 14:00","2021","08","03","14:00","24.4","","16.3","","60","","0.0","","17","","15","","16.1","","100.83","","29","","","","NA"
"-79.40","43.63","TORONTO CITY CENTRE","6158359","2021-08-03 15:00","2021","08","03","15:00","24.6","","15.6","","57","","0.0","","17","","17","","16.1","","100.79","","29","","","","NA"
"-79.40","43.63","TORONTO CITY CENTRE","6158359","2021-08-03 16:00","2021","08","03","16:00","24.6","","16.6","","61","","0.0","","17","","13","","16.1","","100.77","","30","","","","NA"
"-79.40","43.63","TORONTO CITY CENTRE","6158359","2021-08-03 17:00","2021","08","03","17:00","23.8","","18.3","","71","","0.0","","18","","15","","16.1","","100.77","","30","","","","NA"
"-79.40","43.63","TORONTO CITY CENTRE","6158359","2021-08-03 18:00","2021","08","03","18:00","23.2","","17.5","","70","","0.0","","19","","18","","16.1","","100.77","","29","","","","NA"
"-79.40","43.63","TORONTO CITY CENTRE","6158359","2021-08-03 19:00","2021","08","03","19:00","22.4","","17.1","","72","","0.0","","19","","17","","16.1","","100.78","","28","","","","NA"
"-79.40","43.63","TORONTO CITY CENTRE","6158359","2021-08-03 20:00","2021","08","03","20:00","22.1","","17.3","","74","","0.0","","20","","18","","16.1","","100.82","","28","","","","NA"
"-79.40","43.63","TORONTO CITY CENTRE","6158359","2021-08-03 21:00","2021","08","03","21:00","21.4","","18.6","","84","","0.0","","23","","17","","16.1","","100.90","","28","","","","NA"
"-79.40","43.63","TORONTO CITY CENTRE","6158359","2021-08-03 22:00","2021","08","03","22:00","20.5","","17.4","","82","","0.0","","25","","15","","16.1","","100.91","","26","","","","NA"
"-79.40","43.63","TORONTO CITY CENTRE","6158359","2021-08-03 23:00","2021","08","03","23:00","21.4","","15.1","","67","","0.0","","29","","5","","16.1","","100.91","","25","","","","NA"
"-79.40","43.63","TORONTO CITY CENTRE","6158359","2021-08-04 00:00","2021","08","04","00:00","20.5","","15.2","","71","","0.0","","30","","8","","16.1","","100.88","","25","","","","NA"
"-79.40","43.63","TORONTO CITY CENTRE","6158359","2021-08-04 01:00","2021","08","04","01:00","19.6","","15.8","","78","","0.0","","28","","5","","16.1","","100.88","","","","","","NA"
"-79.40","43.63","TORONTO CITY CENTRE","6158359","2021-08-04 02:00","2021","08","04","02:00","20.0","","12.6","","62","","0.0","","31","","9","","16.1","","100.89","","","","","","NA"
"-79.40","43.63","TORONTO CITY CENTRE","6158359","2021-08-04 03:00","2021","08","04","03:00","18.9","","12.9","","68","","0.0","","28","","8","","16.1","","100.90","","","","","","NA"
"-79.40","43.63","TORONTO CITY CENTRE","6158359","2021-08-04 04:00","2021","08","04","04:00","18.2","","14.4","","78","","0.0","","28","","9","","16.1","","100.94","","","","","","NA"
"-79.40","43.63","TORONTO CITY CENTRE","6158359","2021-08-04 05:00","2021","08","04","05:00","17.7","","13.5","","76","","0.0","","27","","8","","16.1","","100.99","","","","","","NA"
"-79.40","43.63","TORONTO CITY CENTRE","6158359","2021-08-04 06:00","2021","08","04","06:00","16.9","","13.6","","80","","0.0","","27","","8","","16.1","","101.04","","","","","","NA"
"-79.40","43.63","TORONTO CITY CENTRE","6158359","2021-08-04 07:00","2021","08","04","07:00","18.4","","14.6","","79","","0.0","","24","","4","","16.1","","101.07","","","","","","NA"
"-79.40","43.63","TORONTO CITY CENTRE","6158359","2021-08-04 08:00","2021","08","04","08:00","19.7","","14.8","","73","","0.0","","25","","8","","16.1","","101.11","","","","","","NA"
"-79.40","43.63","TORONTO CITY CENTRE","6158359","2021-08-04 09:00","2021","08","04","09:00","21.2","","15.4","","69","","0.0","","25","","9","","16.1","","101.13","","25","","","","NA"
"-79.40","43.63","TORONTO CITY CENTRE","6158359","2021-08-04 10:00","2021","08","04","10:00","22.2","","15.3","","64","","0.0","","23","","11","","16.1","","101.15","","26","","","","NA"
"-79.40","43.63","TORONTO CITY CENTRE","6158359","2021-08-04 11:00","2021","08","04","11:00","22.7","","14.5","","59","","0.0","","20","","9","","16.1","","101.13","","26","","","","NA"
"-79.40","43.63","TORONTO CITY CENTRE","6158359","2021-08-04 12:00","2021","08","04","12:00","23.7","","15.8","","61","","0.0","","18","","11","","16.1","","101.11","","28","","","","NA"
"-79.40","43.63","TORONTO CITY CENTRE","6158359","2021-08-04 13:00","2021","08","04","13:00","25.0","","15.4","","55","","0.0","","14","","9","","16.1","","101.10","","29","","","","NA"
"-79.40","43.63","TORONTO CITY CENTRE","6158359","2021-08-04 14:00","2021","08","04","14:00","25.7","","16.1","","55","","0.0","","15","","13","","16.1","","101.08","","30","","","","NA"
"-79.40","43.63","TORONTO CITY CENTRE","6158359","2021-08-04 15:00","2021","08","04","15:00","25.9","","12.4","","42","","0.0","","15","","11","","14.5","","101.03","","28","","","","NA"
"-79.40","43.63","TORONTO CITY CENTRE","6158359","2021-08-04 16:00","2021","08","04","16:00","25.3","","14.6","","51","","0.0","","14","","11","","16.1","","101.00","","29","","","","NA"
"-79.40","43.63","TORONTO CITY CENTRE","6158359","2021-08-04 17:00","2021","08","04","17:00","25.4","","14.1","","49","","0.0","","12","","11","","16.1","","100.98","","29","","","","NA"
"-79.40","43.63","TORONTO CITY CENTRE","6158359","2021-08-04 18:00","2021","08","04","18:00","24.4","","14.9","","55","","0.0","","13","","9","","16.1","","100.98","","28","","","","NA"
"-79.40","43.63","TORONTO CITY CENTRE","6158359","2021-08-04 19:00","2021","08","04","19:00","22.7","","16.1","","66","","0.0","","7","","11","","16.1","","100.97","","27","","","","NA"
"-79.40","43.63","TORONTO CITY CENTRE","6158359","2021-08-04 20:00","2021","08","04","20:00","21.6","","17.1","","75","","0.0","","8","","11","","16.1","","100.99","","27","","","","NA"
"-79.40","43.63","TORONTO CITY CENTRE","6158359","2021-08-04 21:00","2021","08","04","21:00","21.4","","18.2","","82","","0.0","","7","","11","","16.1","","101.06","","28","","","","NA"
"-79.40","43.63","TORONTO CITY CENTRE","6158359","2021-08-04 22:00","2021","08","04","22:00","21.0","","17.7","","81","","0.0","","7","","11","","16.1","","101.07","","27","","","","NA"
"-79.40","43.63","TORONTO CITY CENTRE","6158359","2021-08-04 23:00","2021","08","04","23:00","21.0","","17.3","","79","","0.0","","7","","9","","16.1","","101.06","","26","","","","NA"
"-79.40","43.63","TORONTO CITY CENTRE","6158359","2021-08-05 00:00","2021","08","05","00:00","21.1","","16.8","","76","","0.0","","7","","9","","16.1","","101.06","","26","","","","NA"
"-79.40","43.63","TORONTO CITY CENTRE","6158359","2021-08-05 01:00","2021","08","05","01:00","20.6","","16.9","","79","","0.0","","6","","11","","16.1","","101.04","","26","","","","NA"
"-79.40","43.63","TORONTO CITY CENTRE","6158359","2021-08-05 02:00","2021","08","05","02:00","20.2","","17.6","","85","","0.0","","7","","9","","16.1","","101.02","","26","","","","NA"
"-79.40","43.63","TORONTO CITY CENTRE","6158359","2021-08-05 03:00","2021","08","05","03:00","18.6","","16.2","","86","","0.0","","30","","4","","16.1","","101.01","","","","","","NA"
"-79.40","43.63","TORONTO CITY CENTRE","6158359","2021-08-05 04:00","2021","08","05","04:00","17.4","","16.0","","91","","0.0","","","","0","","16.1","","101.00","","","","","","NA"
"-79.40","43.63","TORONTO CITY CENTRE","6158359","2021-08-05 05:00","2021","08","05","05:00","18.4","","17.4","","94","","0.0","","","","0","","11.3","","101.02","","","","","","NA"
"-79.40","43.63","TORONTO CITY CENTRE","6158359","2021-08-05 06:00","2021","08","05","06:00","18.4","","16.8","","90","","0.0","","","M","4","","16.1","","101.06","","","","","","NA"
"-79.40","43.63","TORONTO CITY CENTRE","6158359","2021-08-05 07:00","2021","08","05","07:00","21.0","","18.6","","86","","0.0","","10","","8","","16.1","","101.08","","27","","","","NA"
"-79.40","43.63","TORONTO CITY CENTRE","6158359","2021-08-05 08:00","2021","08","05","08:00","21.9","","19.2","","85","","0.0","","10","","9","","16.1","","101.10","","29","","","","NA"
"-79.40","43.63","TORONTO CITY CENTRE","6158359","2021-08-05 09:00","2021","08","05","09:00","22.8","","19.1","","79","","0.0","","8","","9","","16.1","","101.11","","30","","","","NA"
"-79.40","43.63","TORONTO CITY CENTRE","6158359","2021-08-05 10:00","2021","08","05","10:00","23.4","","19.7","","80","","0.0","","10","","9","","9.7","","101.10","","31","","","","Haze"
"-79.40","43.63","TORONTO CITY CENTRE","6158359","2021-08-05 11:00","2021","08","05","11:00","23.9","","20.0","","78","","0.0","","11","","13","","16.1","","101.10","","31","","","","NA"
"-79.40","43.63","TORONTO CITY CENTRE","6158359","2021-08-05 12:00","2021","08","05","12:00","23.9","","20.3","","80","","0.0","","12","","13","","16.1","","101.06","","32","","","","NA"
"-79.40","43.63","TORONTO CITY CENTRE","6158359","2021-08-05 13:00","2021","08","05","13:00","25.1","","18.7","","67","","0.0","","13","","9","","12.9","","101.03","","32","","","","NA"
"-79.40","43.63","TORONTO CITY CENTRE","6158359","2021-08-05 14:00","2021","08","05","14:00","25.3","","16.5","","58","","0.0","","12","","13","","16.1","","100.97","","30","","","","NA"
"-79.40","43.63","TORONTO CITY CENTRE","6158359","2021-08-05 15:00","2021","08","05","15:00","26.1","","16.3","","54","","0.0","","13","","9","","16.1","","100.94","","31","","","","NA"
"-79.40","43.63","TORONTO CITY CENTRE","6158359","2021-08-05 16:00","2021","08","05","16:00","26.2","","16.5","","55","","0.0","","12","","8","","16.1","","100.91","","31","","","","NA"
"-79.40","43.63","TORONTO CITY CENTRE","6158359","2021-08-05 17:00","2021","08","05","17:00","25.7","","16.8","","57","","0.0","","12","","11","","16.1","","100.88","","31","","","","NA"
"-79.40","43.63","TORONTO CITY CENTRE","6158359","2021-08-05 18:00","2021","08","05","18:00","24.3","","18.4","","69","","0.0","","8","","11","","16.1","","100.84","","31","","","","NA"
"-79.40","43.63","TORONTO CITY CENTRE","6158359","2021-08-05 19:00","2021","08","05","19:00","22.9","","19.8","","82","","0.0","","8","","8","","11.3","","100.85","","30","","","","NA"
"-79.40","43.63","TORONTO CITY CENTRE","6158359","2021-08-05 20:00","2021","08","05","20:00","22.3","","19.9","","86","","0.0","","7","","8","","16.1","","100.86","","30","","","","NA"
"-79.40","43.63","TORONTO CITY CENTRE","6158359","2021-08-05 21:00","2021","08","05","21:00","21.9","","20.0","","89","","0.0","","7","","4","","16.1","","100.92","","29","","","","NA"
"-79.40","43.63","TORONTO CITY CENTRE","6158359","2021-08-05 22:00","2021","08","05","22:00","21.5","","19.7","","89","","0.0","","6","","4","","16.1","","100.91","","29","","","","NA"
"-79.40","43.63","TORONTO CITY CENTRE","6158359","2021-08-05 23:00","2021","08","05","23:00","20.8","","19.2","","90","","0.0","","8","","5","","16.1","","100.92","","28","","","","NA"
"-79.40","43.63","TORONTO CITY CENTRE","6158359","2021-08-06 00:00","2021","08","06","00:00","21.0","","19.2","","89","","0.0","","28","","4","","16.1","","100.94","","28","","","","NA"
"-79.40","43.63","TORONTO CITY CENTRE","6158359","2021-08-06 01:00","2021","08","06","01:00","21.1","","18.2","","83","","0.0","","21","","9","","16.1","","100.93","","27","","","","NA"
"-79.40","43.63","TORONTO CITY CENTRE","6158359","2021-08-06 02:00","2021","08","06","02:00","21.7","","17.8","","78","","0.0","","28","","5","","16.1","","100.93","","28","","","","NA"
"-79.40","43.63","TORONTO CITY CENTRE","6158359","2021-08-06 03:00","2021","08","06","03:00","19.2","","17.9","","92","","0.0","","19","","4","","16.1","","100.91","","","","","","NA"
"-79.40","43.63","TORONTO CITY CENTRE","6158359","2021-08-06 04:00","2021","08","06","04:00","19.7","","17.7","","88","","0.0","","23","","5","","16.1","","100.93","","","","","","NA"
"-79.40","43.63","TORONTO CITY CENTRE","6158359","2021-08-06 05:00","2021","08","06","05:00","20.3","","16.8","","80","","0.0","","23","","9","","16.1","","100.96","","25","","","","NA"
"-79.40","43.63","TORONTO CITY CENTRE","6158359","2021-08-06 06:00","2021","08","06","06:00","20.5","","17.7","","84","","0.0","","27","","4","","16.1","","100.97","","26","","","","NA"
"-79.40","43.63","TORONTO CITY CENTRE","6158359","2021-08-06 07:00","2021","08","06","07:00","21.3","","17.6","","79","","0.0","","","","0","","16.1","","100.99","","27","","","","NA"
"-79.40","43.63","TORONTO CITY CENTRE","6158359","2021-08-06 08:00","2021","08","06","08:00","21.8","","17.1","","75","","0.0","","23","","8","","16.1","","100.98","","27","","","","NA"
"-79.40","43.63","TORONTO CITY CENTRE","6158359","2021-08-06 09:00","2021","08","06","09:00","22.3","","18.8","","80","","0.0","","23","","8","","16.1","","100.99","","29","","","","NA"
"-79.40","43.63","TORONTO CITY CENTRE","6158359","2021-08-06 10:00","2021","08","06","10:00","23.1","","19.9","","82","","0.0","","19","","8","","16.1","","100.98","","31","","","","NA"
"-79.40","43.63","TORONTO CITY CENTRE","6158359","2021-08-06 11:00","2021","08","06","11:00","25.0","","19.8","","72","","0.0","","18","","13","","16.1","","100.96","","32","","","","NA"
"-79.40","43.63","TORONTO CITY CENTRE","6158359","2021-08-06 12:00","2021","08","06","12:00","26.1","","18.9","","64","","0.0","","17","","15","","16.1","","100.93","","33","","","","NA"
"-79.40","43.63","TORONTO CITY CENTRE","6158359","2021-08-06 13:00","2021","08","06","13:00","26.1","","20.1","","69","","0.0","","12","","9","","12.9","","100.88","","34","","","","NA"
"-79.40","43.63","TORONTO CITY CENTRE","6158359","2021-08-06 14:00","2021","08","06","14:00","26.7","","18.7","","61","","0.0","","16","","13","","16.1","","100.84","","33","","","","NA"
"-79.40","43.63","TORONTO CITY CENTRE","6158359","2021-08-06 15:00","2021","08","06","15:00","28.3","","16.5","","48","","0.0","","16","","17","","16.1","","100.77","","33","","","","NA"
"-79.40","43.63","TORONTO CITY CENTRE","6158359","2021-08-06 16:00","2021","08","06","16:00","27.4","","19.8","","63","","0.0","","16","","15","","16.1","","100.71","","35","","","","NA"
"-79.40","43.63","TORONTO CITY CENTRE","6158359","2021-08-06 17:00","2021","08","06","17:00","26.0","","20.6","","72","","0.0","","19","","17","","16.1","","100.67","","34","","","","NA"
"-79.40","43.63","TORONTO CITY CENTRE","6158359","2021-08-06 18:00","2021","08","06","18:00","25.4","","21.1","","77","","0.0","","22","","9","","16.1","","100.62","","34","","","","NA"
"-79.40","43.63","TORONTO CITY CENTRE","6158359","2021-08-06 19:00","2021","08","06","19:00","24.4","","20.6","","79","","0.0","","21","","15","","16.1","","100.61","","32","","","","NA"
"-79.40","43.63","TORONTO CITY CENTRE","6158359","2021-08-06 20:00","2021","08","06","20:00","23.9","","20.3","","80","","0.0","","20","","11","","16.1","","100.59","","32","","","","NA"
"-79.40","43.63","TORONTO CITY CENTRE","6158359","2021-08-06 21:00","2021","08","06","21:00","23.8","","20.7","","82","","0.0","","20","","13","","16.1","","100.64","","32","","","","NA"
"-79.40","43.63","TORONTO CITY CENTRE","6158359","2021-08-06 22:00","2021","08","06","22:00","23.8","","20.6","","82","","0.0","","19","","22","","16.1","","100.64","","32","","","","NA"
"-79.40","43.63","TORONTO CITY CENTRE","6158359","2021-08-06 23:00","2021","08","06","23:00","22.9","","20.8","","88","","0.0","","22","","18","","16.1","","100.68","","31","","","","NA"
"-79.40","43.63","TORONTO CITY CENTRE","6158359","2021-08-07 00:00","2021","08","07","00:00","22.5","","21.0","","91","","0.0","","23","","15","","16.1","","100.68","","31","","","","NA"
"-79.40","43.63","TORONTO CITY CENTRE","6158359","2021-08-07 01:00","2021","08","07","01:00","22.1","","20.9","","93","","0.0","","24","","11","","12.9","","100.66","","30","","","","NA"
"-79.40","43.63","TORONTO CITY CENTRE","6158359","2021-08-07 02:00","2021","08","07","02:00","21.8","","20.2","","91","","0.0","","27","","8","","11.3","","100.62","","30","","","","NA"
"-79.40","43.63","TORONTO CITY CENTRE","6158359","2021-08-07 03:00","2021","08","07","03:00","21.8","","18.8","","83","","0.0","","25","","9","","16.1","","100.60","","28","","","","NA"
"-79.40","43.63","TORONTO CITY CENTRE","6158359","2021-08-07 04:00","2021","08","07","04:00","21.6","","19.6","","88","","0.0","","23","","13","","16.1","","100.63","","29","","","","NA"
"-79.40","43.63","TORONTO CITY CENTRE","6158359","2021-08-07 05:00","2021","08","07","05:00","21.6","","19.6","","88","","0.0","","26","","11","","14.5","","100.63","","29","","","","NA"
"-79.40","43.63","TORONTO CITY CENTRE","6158359","2021-08-07 06:00","2021","08","07","06:00","21.6","","19.7","","89","","0.0","","22","","8","","14.5","","100.65","","29","","","","NA"
"-79.40","43.63","TORONTO CITY CENTRE","6158359","2021-08-07 07:00","2021","08","07","07:00","22.5","","19.5","","83","","0.0","","19","","8","","16.1","","100.64","","30","","","","NA"
"-79.40","43.63","TORONTO CITY CENTRE","6158359","2021-08-07 08:00","2021","08","07","08:00","22.4","","19.2","","82","","0.0","","22","","9","","16.1","","100.69","","29","","","","NA"
"-79.40","43.63","TORONTO CITY CENTRE","6158359","2021-08-07 09:00","2021","08","07","09:00","22.8","","20.2","","85","","0.0","","20","","5","","16.1","","100.66","","31","","","","NA"
"-79.40","43.63","TORONTO CITY CENTRE","6158359","2021-08-07 10:00","2021","08","07","10:00","23.8","","20.4","","81","","0.0","","20","","11","","16.1","","100.66","","32","","","","NA"
"-79.40","43.63","TORONTO CITY CENTRE","6158359","2021-08-07 11:00","2021","08","07","11:00","24.9","","19.4","","71","","0.0","","19","","9","","16.1","","100.65","","32","","","","NA"
"-79.40","43.63","TORONTO CITY CENTRE","6158359","2021-08-07 12:00","2021","08","07","12:00","24.9","","19.8","","73","","0.0","","19","","13","","16.1","","100.66","","32","","","","NA"
"-79.40","43.63","TORONTO CITY CENTRE","6158359","2021-08-07 13:00","2021","08","07","13:00","26.1","","18.2","","61","","0.0","","12","","9","","16.1","","100.60","","32","","","","NA"
"-79.40","43.63","TORONTO CITY CENTRE","6158359","2021-08-07 14:00","2021","08","07","14:00","23.9","","20.6","","81","","0.0","","21","","9","","16.1","","100.59","","32","","","","Thunderstorms,Rain"
"-79.40","43.63","TORONTO CITY CENTRE","6158359","2021-08-07 15:00","2021","08","07","15:00","22.9","","20.2","","85","","1.0","","6","","11","","16.1","","100.67","","31","","","","Rain"
"-79.40","43.63","TORONTO CITY CENTRE","6158359","2021-08-07 16:00","2021","08","07","16:00","22.7","","20.1","","85","","0.0","","21","","5","","16.1","","100.63","","30","","","","Rain"
"-79.40","43.63","TORONTO CITY CENTRE","6158359","2021-08-07 17:00","2021","08","07","17:00","23.2","","20.7","","86","","0.5","","8","","9","","16.1","","100.51","","31","","","","NA"
"-79.40","43.63","TORONTO CITY CENTRE","6158359","2021-08-07 18:00","2021","08","07","18:00","22.6","","19.9","","85","","0.0","","8","","5","","16.1","","100.49","","30","","","","NA"
"-79.40","43.63","TORONTO CITY CENTRE","6158359","2021-08-07 19:00","2021","08","07","19:00","22.2","","20.3","","89","","0.0","","10","","5","","16.1","","100.56","","30","","","","NA"
"-79.40","43.63","TORONTO CITY CENTRE","6158359","2021-08-07 20:00","2021","08","07","20:00","21.4","","20.2","","93","","0.0","","10","","4","","16.1","","100.64","","29","","","","NA"
"-79.40","43.63","TORONTO CITY CENTRE","6158359","2021-08-07 21:00","2021","08","07","21:00","21.9","","20.2","","90","","0.0","","8","","9","","16.1","","100.69","","30","","","","NA"
"-79.40","43.63","TORONTO CITY CENTRE","6158359","2021-08-07 22:00","2021","08","07","22:00","21.8","","20.6","","93","","0.0","","8","","9","","16.1","","100.67","","30","","","","NA"
"-79.40","43.63","TORONTO CITY CENTRE","6158359","2021-08-07 23:00","2021","08","07","23:00","22.2","","20.5","","90","","0.0","","6","","5","","16.1","","100.65","","30","","","","NA"
"-79.40","43.63","TORONTO CITY CENTRE","6158359","2021-08-08 00:00","2021","08","08","00:00","22.1","","20.2","","89","","0.0","","27","","5","","16.1","","100.60","","30","","","","NA"
"-79.40","43.63","TORONTO CITY CENTRE","6158359","2021-08-08 01:00","2021","08","08","01:00","22.5","","19.4","","82","","0.0","","9","","8","","16.1","","100.56","","30","","","","NA"
"-79.40","43.63","TORONTO CITY CENTRE","6158359","2021-08-08 02:00","2021","08","08","02:00","21.5","","19.8","","90","","0.0","","8","","11","","16.1","","100.54","","29","","","","NA"
"-79.40","43.63","TORONTO CITY CENTRE","6158359","2021-08-08 03:00","2021","08","08","03:00","21.4","","20.2","","93","","0.0","","8","","9","","6.4","","100.51","","29","","","","Fog"
"-79.40","43.63","TORONTO CITY CENTRE","6158359","2021-08-08 04:00","2021","08","08","04:00","21.4","","20.2","","93","","0.0","","7","","11","","8.1","","100.50","","29","","","","Fog"
"-79.40","43.63","TORONTO CITY CENTRE","6158359","2021-08-08 05:00","2021","08","08","05:00","21.3","","20.7","","96","","0.0","","8","","8","","4.8","","100.56","","29","","","","Fog"
"-79.40","43.63","TORONTO CITY CENTRE","6158359","2021-08-08 06:00","2021","08","08","06:00","21.8","","21.2","","96","","0.0","","5","","8","","4.8","","100.65","","30","","","","Fog"
"-79.40","43.63","TORONTO CITY CENTRE","6158359","2021-08-08 07:00","2021","08","08","07:00","22.1","","20.8","","92","","0.0","","26","","5","","6.4","","100.73","","30","","","","Fog"
"-79.40","43.63","TORONTO CITY CENTRE","6158359","2021-08-08 08:00","2021","08","08","08:00","23.6","","21.5","","88","","0.0","","19","","5","","11.3","","100.74","","32","","","","NA"
"-79.40","43.63","TORONTO CITY CENTRE","6158359","2021-08-08 09:00","2021","08","08","09:00","23.2","","21.5","","90","","0.0","","21","","9","","6.4","","100.78","","32","","","","Fog"
"-79.40","43.63","TORONTO CITY CENTRE","6158359","2021-08-08 10:00","2021","08","08","10:00","23.7","","21.6","","88","","0.0","","21","","5","","6.4","","100.77","","33","","","","Haze"
"-79.40","43.63","TORONTO CITY CENTRE","6158359","2021-08-08 11:00","2021","08","08","11:00","24.7","","21.8","","83","","0.0","","17","","11","","8.1","","100.77","","34","","","","Haze"
"-79.40","43.63","TORONTO CITY CENTRE","6158359","2021-08-08 12:00","2021","08","08","12:00","25.7","","21.4","","77","","0.0","","17","","13","","16.1","","100.74","","34","","","","NA"
"-79.40","43.63","TORONTO CITY CENTRE","6158359","2021-08-08 13:00","2021","08","08","13:00","25.2","","21.5","","80","","0.0","","12","","9","","16.1","","100.71","","34","","","","NA"
"-79.40","43.63","TORONTO CITY CENTRE","6158359","2021-08-08 14:00","2021","08","08","14:00","25.3","","21.5","","79","","0.0","","13","","8","","16.1","","100.72","","34","","","","NA"
"-79.40","43.63","TORONTO CITY CENTRE","6158359","2021-08-08 15:00","2021","08","08","15:00","25.5","","22.2","","82","","0.0","","","M","4","","16.1","","100.75","","35","","","","NA"
"-79.40","43.63","TORONTO CITY CENTRE","6158359","2021-08-08 16:00","2021","08","08","16:00","25.4","","22.1","","82","","0.0","","12","","9","","16.1","","100.71","","35","","","","NA"
"-79.40","43.63","TORONTO CITY CENTRE","6158359","2021-08-08 17:00","2021","08","08","17:00","25.2","","22.6","","85","","0.0","","13","","15","","16.1","","100.63","","35","","","","NA"
"-79.40","43.63","TORONTO CITY CENTRE","6158359","2021-08-08 18:00","2021","08","08","18:00","25.2","","22.1","","83","","0.0","","15","","9","","16.1","","100.62","","35","","","","NA"
"-79.40","43.63","TORONTO CITY CENTRE","6158359","2021-08-08 19:00","2021","08","08","19:00","24.4","","22.3","","88","","0.0","","13","","9","","16.1","","100.62","","34","","","","NA"
"-79.40","43.63","TORONTO CITY CENTRE","6158359","2021-08-08 20:00","2021","08","08","20:00","23.9","","22.2","","90","","0.0","","8","","9","","16.1","","100.65","","33","","","","NA"
"-79.40","43.63","TORONTO CITY CENTRE","6158359","2021-08-08 21:00","2021","08","08","21:00","23.2","","22.2","","94","","0.0","","7","","13","","11.3","","100.73","","33","","","","NA"
"-79.40","43.63","TORONTO CITY CENTRE","6158359","2021-08-08 22:00","2021","08","08","22:00","23.4","","22.2","","93","","0.0","","7","","11","","16.1","","100.77","","33","","","","NA"
"-79.40","43.63","TORONTO CITY CENTRE","6158359","2021-08-08 23:00","2021","08","08","23:00","23.1","","21.9","","93","","0.0","","","","0","","16.1","","100.79","","32","","","","NA"
"-79.40","43.63","TORONTO CITY CENTRE","6158359","2021-08-09 00:00","2021","08","09","00:00","23.4","","22.1","","92","","0.0","","18","","5","","14.5","","100.77","","33","","","","NA"
"-79.40","43.63","TORONTO CITY CENTRE","6158359","2021-08-09 01:00","2021","08","09","01:00","23.1","","21.8","","92","","0.0","","6","","4","","12.9","","100.76","","32","","","","NA"
"-79.40","43.63","TORONTO CITY CENTRE","6158359","2021-08-09 02:00","2021","08","09","02:00","22.4","","21.6","","95","","0.0","","","","0","","12.9","","100.75","","31","","","","NA"
"-79.40","43.63","TORONTO CITY CENTRE","6158359","2021-08-09 03:00","2021","08","09","03:00","22.4","","21.4","","94","","0.0","","7","","5","","14.5","","100.77","","31","","","","NA"
"-79.40","43.63","TORONTO CITY CENTRE","6158359","2021-08-09 04:00","2021","08","09","04:00","22.2","","21.4","","95","","0.0","","10","","5","","3.2","","100.77","","31","","","","Fog"
"-79.40","43.63","TORONTO CITY CENTRE","6158359","2021-08-09 05:00","2021","08","09","05:00","22.6","","21.9","","96","","0.0","","8","","5","","6.4","","100.80","","32","","","","Fog"
"-79.40","43.63","TORONTO CITY CENTRE","6158359","2021-08-09 06:00","2021","08","09","06:00","22.8","","22.1","","96","","0.0","","8","","5","","6.4","","100.84","","32","","","","Fog"
"-79.40","43.63","TORONTO CITY CENTRE","6158359","2021-08-09 07:00","2021","08","09","07:00","23.4","","22.6","","95","","0.0","","7","","5","","6.4","","100.87","","33","","","","Fog"
"-79.40","43.63","TORONTO CITY CENTRE","6158359","2021-08-09 08:00","2021","08","09","08:00","24.5","","22.5","","88","","0.0","","","M","4","","16.1","","100.89","","34","","","","NA"
"-79.40","43.63","TORONTO CITY CENTRE","6158359","2021-08-09 09:00","2021","08","09","09:00","25.6","","22.3","","82","","0.0","","19","","5","","16.1","","100.85","","35","","","","NA"
"-79.40","43.63","TORONTO CITY CENTRE","6158359","2021-08-09 10:00","2021","08","09","10:00","26.3","","21.8","","76","","0.0","","17","","5","","16.1","","100.85","","35","","","","NA"
"-79.40","43.63","TORONTO CITY CENTRE","6158359","2021-08-09 11:00","2021","08","09","11:00","26.9","","21.8","","73","","0.0","","16","","9","","16.1","","100.85","","36","","","","NA"
"-79.40","43.63","TORONTO CITY CENTRE","6158359","2021-08-09 12:00","2021","08","09","12:00","27.9","","22.2","","71","","0.0","","18","","8","","16.1","","100.81","","37","","","","NA"
"-79.40","43.63","TORONTO CITY CENTRE","6158359","2021-08-09 13:00","2021","08","09","13:00","29.2","","23.0","","69","","0.0","","13","","9","","14.5","","100.77","","39","","","","NA"
"-79.40","43.63","TORONTO CITY CENTRE","6158359","2021-08-09 14:00","2021","08","09","14:00","27.8","","23.7","","78","","0.0","","11","","9","","16.1","","100.74","","39","","","","NA"
"-79.40","43.63","TORONTO CITY CENTRE","6158359","2021-08-09 15:00","2021","08","09","15:00","27.4","","23.6","","79","","0.0","","10","","15","","16.1","","100.69","","38","","","","NA"
"-79.40","43.63","TORONTO CITY CENTRE","6158359","2021-08-09 16:00","2021","08","09","16:00","26.8","","23.1","","80","","0.0","","7","","17","","16.1","","100.69","","37","","","","NA"
"-79.40","43.63","TORONTO CITY CENTRE","6158359","2021-08-09 17:00","2021","08","09","17:00","26.9","","22.6","","77","","0.0","","8","","13","","16.1","","100.67","","37","","","","NA"
"-79.40","43.63","TORONTO CITY CENTRE","6158359","2021-08-09 18:00","2021","08","09","18:00","26.0","","22.2","","79","","0.0","","8","","18","","16.1","","100.65","","36","","","","NA"
"-79.40","43.63","TORONTO CITY CENTRE","6158359","2021-08-09 19:00","2021","08","09","19:00","25.3","","21.9","","81","","0.0","","7","","18","","16.1","","100.66","","35","","","","NA"
"-79.40","43.63","TORONTO CITY CENTRE","6158359","2021-08-09 20:00","2021","08","09","20:00","25.0","","22.4","","85","","0.0","","7","","18","","16.1","","100.69","","35","","","","NA"
"-79.40","43.63","TORONTO CITY CENTRE","6158359","2021-08-09 21:00","2021","08","09","21:00","25.5","","22.7","","84","","0.0","","8","","13","","16.1","","100.69","","35","","","","NA"
"-79.40","43.63","TORONTO CITY CENTRE","6158359","2021-08-09 22:00","2021","08","09","22:00","25.1","","22.8","","87","","0.0","","7","","21","","16.1","","100.66","","35","","","","NA"
"-79.40","43.63","TORONTO CITY CENTRE","6158359","2021-08-09 23:00","2021","08","09","23:00","25.1","","22.8","","87","","0.0","","7","","21","","16.1","","100.63","","35","","","","NA"
"-79.40","43.63","TORONTO CITY CENTRE","6158359","2021-08-10 00:00","2021","08","10","00:00","25.2","","22.7","","86","","0.0","","12","","13","","16.1","","100.60","","35","","","","NA"
"-79.40","43.63","TORONTO CITY CENTRE","6158359","2021-08-10 01:00","2021","08","10","01:00","25.5","","22.5","","83","","0.0","","11","","5","","16.1","","100.58","","35","","","","NA"
"-79.40","43.63","TORONTO CITY CENTRE","6158359","2021-08-10 02:00","2021","08","10","02:00","24.5","","23.5","","94","","0.0","","","M","4","","11.3","","100.55","","35","","","","NA"
"-79.40","43.63","TORONTO CITY CENTRE","6158359","2021-08-10 03:00","2021","08","10","03:00","24.4","","23.7","","96","","0.0","","17","","9","","8.1","","100.56","","35","","","","Fog"
"-79.40","43.63","TORONTO CITY CENTRE","6158359","2021-08-10 04:00","2021","08","10","04:00","24.2","","23.7","","97","","0.0","","","","0","","4.8","","100.53","","35","","","","Rain,Fog"
"-79.40","43.63","TORONTO CITY CENTRE","6158359","2021-08-10 05:00","2021","08","10","05:00","24.3","","23.1","","93","","0.0","","18","","5","","11.3","","100.50","","35","","","","NA"
"-79.40","43.63","TORONTO CITY CENTRE","6158359","2021-08-10 06:00","2021","08","10","06:00","24.5","","23.1","","92","","0.0","","16","","5","","12.9","","100.49","","35","","","","NA"
"-79.40","43.63","TORONTO CITY CENTRE","6158359","2021-08-10 07:00","2021","08","10","07:00","24.7","","22.4","","87","","0.0","","20","","26","","16.1","","100.54","","34","","","","NA"
"-79.40","43.63","TORONTO CITY CENTRE","6158359","2021-08-10 08:00","2021","08","10","08:00","24.7","","22.4","","87","","0.0","","21","","18","","16.1","","100.52","","34","","","","NA"
"-79.40","43.63","TORONTO CITY CENTRE","6158359","2021-08-10 09:00","2021","08","10","09:00","25.3","","22.6","","85","","0.0","","18","","17","","16.1","","100.46","","35","","","","NA"
"-79.40","43.63","TORONTO CITY CENTRE","6158359","2021-08-10 10:00","2021","08","10","10:00","25.6","","22.6","","83","","0.0","","19","","21","","16.1","","100.48","","35","","","","NA"
"-79.40","43.63","TORONTO CITY CENTRE","6158359","2021-08-10 11:00","2021","08","10","11:00","26.3","","22.8","","81","","0.0","","19","","18","","16.1","","100.46","","36","","","","NA"
"-79.40","43.63","TORONTO CITY CENTRE","6158359","2021-08-10 12:00","2021","08","10","12:00","25.7","","22.7","","83","","0.0","","19","","15","","16.1","","100.41","","36","","","","NA"
"-79.40","43.63","TORONTO CITY CENTRE","6158359","2021-08-10 13:00","2021","08","10","13:00","25.8","","22.1","","80","","0.0","","17","","17","","16.1","","100.39","","35","","","","NA"
"-79.40","43.63","TORONTO CITY CENTRE","6158359","2021-08-10 14:00","2021","08","10","14:00","25.9","","21.6","","77","","0.0","","14","","9","","16.1","","100.34","","35","","","","NA"
"-79.40","43.63","TORONTO CITY CENTRE","6158359","2021-08-10 15:00","2021","08","10","15:00","26.1","","22.9","","82","","0.0","","14","","9","","16.1","","100.25","","36","","","","NA"
"-79.40","43.63","TORONTO CITY CENTRE","6158359","2021-08-10 16:00","2021","08","10","16:00","26.3","","23.2","","83","","0.0","","19","","18","","16.1","","100.18","","37","","","","NA"
"-79.40","43.63","TORONTO CITY CENTRE","6158359","2021-08-10 17:00","2021","08","10","17:00","25.1","","23.4","","90","","0.2","","20","","21","","16.1","","100.13","","36","","","","NA"
"-79.40","43.63","TORONTO CITY CENTRE","6158359","2021-08-10 18:00","2021","08","10","18:00","25.1","","23.4","","90","","0.0","","23","","9","","16.1","","100.14","","36","","","","Rain"
"-79.40","43.63","TORONTO CITY CENTRE","6158359","2021-08-10 19:00","2021","08","10","19:00","24.9","","23.6","","92","","0.0","","29","","9","","16.1","","100.14","","36","","","","NA"
"-79.40","43.63","TORONTO CITY CENTRE","6158359","2021-08-10 20:00","2021","08","10","20:00","24.6","","23.4","","93","","0.0","","23","","5","","16.1","","100.17","","35","","","","NA"
"-79.40","43.63","TORONTO CITY CENTRE","6158359","2021-08-10 21:00","2021","08","10","21:00","26.2","","21.5","","75","","0.0","","27","","18","","16.1","","100.24","","35","","","","NA"
"-79.40","43.63","TORONTO CITY CENTRE","6158359","2021-08-10 22:00","2021","08","10","22:00","25.6","","22.1","","81","","0.0","","25","","15","","16.1","","100.24","","35","","","","NA"
"-79.40","43.63","TORONTO CITY CENTRE","6158359","2021-08-10 23:00","2021","08","10","23:00","25.0","","22.4","","85","","0.0","","23","","8","","16.1","","100.21","","35","","","","NA"
"-79.40","43.63","TORONTO CITY CENTRE","6158359","2021-08-11 00:00","2021","08","11","00:00","24.6","","22.5","","88","","0.0","","24","","18","","16.1","","100.29","","34","","","","NA"
"-79.40","43.63","TORONTO CITY CENTRE","6158359","2021-08-11 01:00","2021","08","11","01:00","24.3","","22.2","","88","","0.0","","28","","5","","16.1","","100.22","","34","","","","NA"
"-79.40","43.63","TORONTO CITY CENTRE","6158359","2021-08-11 02:00","2021","08","11","02:00","23.8","","23.3","","97","","0.0","","21","","13","","6.4","","100.13","","34","","","","Fog"
"-79.40","43.63","TORONTO CITY CENTRE","6158359","2021-08-11 03:00","2021","08","11","03:00","23.8","","23.5","","98","","0.0","","25","","9","","3.2","","100.18","","35","","","","Fog"
"-79.40","43.63","TORONTO CITY CENTRE","6158359","2021-08-11 04:00","2021","08","11","04:00","24.0","","23.7","","98","","0.0","","25","","11","","3.6","","100.16","","35","","","","Fog"
"-79.40","43.63","TORONTO CITY CENTRE","6158359","2021-08-11 05:00","2021","08","11","05:00","23.9","","22.4","","91","","0.2","","25","","22","","12.9","","100.12","","34","","","","Thunderstorms,Moderate Rain"
"-79.40","43.63","TORONTO CITY CENTRE","6158359","2021-08-11 06:00","2021","08","11","06:00","23.3","","21.9","","92","","0.2","","21","","24","","16.1","","100.23","","33","","","","Rain"
"-79.40","43.63","TORONTO CITY CENTRE","6158359","2021-08-11 07:00","2021","08","11","07:00","24.0","","21.2","","84","","0.2","","21","","8","","16.1","","100.16","","33","","","","NA"
"-79.40","43.63","TORONTO CITY CENTRE","6158359","2021-08-11 08:00","2021","08","11","08:00","23.9","","21.1","","84","","0.5","","24","","15","","16.1","","100.21","","32","","","","NA"
"-79.40","43.63","TORONTO CITY CENTRE","6158359","2021-08-11 09:00","2021","08","11","09:00","23.9","","21.3","","85","","0.0","","23","","22","","16.1","","100.26","","33","","","","NA"
"-79.40","43.63","TORONTO CITY CENTRE","6158359","2021-08-11 10:00","2021","08","11","10:00","26.0","","22.9","","83","","0.2","","24","","15","","16.1","","100.21","","36","","","","NA"
"-79.40","43.63","TORONTO CITY CENTRE","6158359","2021-08-11 11:00","2021","08","11","11:00","26.9","","23.2","","80","","0.0","","19","","13","","16.1","","100.25","","37","","","","NA"
"-79.40","43.63","TORONTO CITY CENTRE","6158359","2021-08-11 12:00","2021","08","11","12:00","27.6","","22.8","","75","","0.0","","20","","21","","16.1","","100.23","","38","","","","NA"
"-79.40","43.63","TORONTO CITY CENTRE","6158359","2021-08-11 13:00","2021","08","11","13:00","28.2","","23.0","","73","","0.0","","19","","21","","16.1","","100.22","","38","","","","NA"
"-79.40","43.63","TORONTO CITY CENTRE","6158359","2021-08-11 14:00","2021","08","11","14:00","27.8","","23.2","","76","","0.0","","18","","17","","16.1","","100.18","","38","","","","NA"
"-79.40","43.63","TORONTO CITY CENTRE","6158359","2021-08-11 15:00","2021","08","11","15:00","28.2","","22.7","","72","","0.0","","18","","18","","16.1","","100.11","","38","","","","NA"
"-79.40","43.63","TORONTO CITY CENTRE","6158359","2021-08-11 16:00","2021","08","11","16:00","27.7","","23.1","","76","","0.0","","19","","22","","16.1","","100.10","","38","","","","NA"
"-79.40","43.63","TORONTO CITY CENTRE","6158359","2021-08-11 17:00","2021","08","11","17:00","27.1","","23.4","","80","","0.0","","19","","21","","16.1","","100.03","","38","","","","NA"
"-79.40","43.63","TORONTO CITY CENTRE","6158359","2021-08-11 18:00","2021","08","11","18:00","26.1","","22.0","","78","","0.0","","21","","32","","16.1","","100.11","","35","","","","NA"
"-79.40","43.63","TORONTO CITY CENTRE","6158359","2021-08-11 19:00","2021","08","11","19:00","25.2","","21.0","","77","","0.0","","20","","24","","16.1","","100.09","","34","","","","NA"
"-79.40","43.63","TORONTO CITY CENTRE","6158359","2021-08-11 20:00","2021","08","11","20:00","24.5","","20.7","","79","","0.0","","23","","22","","16.1","","100.08","","33","","","","NA"
"-79.40","43.63","TORONTO CITY CENTRE","6158359","2021-08-11 21:00","2021","08","11","21:00","24.1","","21.3","","84","","0.0","","24","","9","","16.1","","100.05","","33","","","","NA"
"-79.40","43.63","TORONTO CITY CENTRE","6158359","2021-08-11 22:00","2021","08","11","22:00","23.7","","22.0","","90","","0.0","","22","","13","","16.1","","100.18","","33","","","","NA"
"-79.40","43.63","TORONTO CITY CENTRE","6158359","2021-08-11 23:00","2021","08","11","23:00","23.6","","19.6","","78","","0.0","","23","","22","","16.1","","100.25","","31","","","","NA"
"-79.40","43.63","TORONTO CITY CENTRE","6158359","2021-08-12 00:00","2021","08","12","00:00","22.7","","21.0","","90","","0.0","","20","","15","","16.1","","100.26","","31","","","","NA"
"-79.40","43.63","TORONTO CITY CENTRE","6158359","2021-08-12 01:00","2021","08","12","01:00","22.7","","20.8","","89","","0.0","","20","","15","","16.1","","100.16","","31","","","","NA"
"-79.40","43.63","TORONTO CITY CENTRE","6158359","2021-08-12 02:00","2021","08","12","02:00","22.8","","20.7","","88","","0.0","","21","","13","","16.1","","100.07","","31","","","","NA"
"-79.40","43.63","TORONTO CITY CENTRE","6158359","2021-08-12 03:00","2021","08","12","03:00","22.4","","21.1","","92","","0.0","","23","","8","","16.1","","100.08","","31","","","","NA"
"-79.40","43.63","TORONTO CITY CENTRE","6158359","2021-08-12 04:00","2021","08","12","04:00","22.6","","20.9","","90","","0.0","","22","","18","","16.1","","100.04","","31","","","","NA"
"-79.40","43.63","TORONTO CITY CENTRE","6158359","2021-08-12 05:00","2021","08","12","05:00","22.4","","21.2","","93","","0.0","","23","","13","","16.1","","100.09","","31","","","","Rain"
"-79.40","43.63","TORONTO CITY CENTRE","6158359","2021-08-12 06:00","2021","08","12","06:00","22.3","","21.1","","93","","0.0","","22","","15","","16.1","","100.18","","31","","","","Rain"
"-79.40","43.63","TORONTO CITY CENTRE","6158359","2021-08-12 07:00","2021","08","12","07:00","22.3","","20.8","","91","","0.5","","21","","26","","16.1","","100.17","","31","","","","NA"
"-79.40","43.63","TORONTO CITY CENTRE","6158359","2021-08-12 08:00","2021","08","12","08:00","22.1","","20.5","","90","","0.0","","22","","18","","16.1","","100.17","","30","","","","NA"
"-79.40","43.63","TORONTO CITY CENTRE","6158359","2021-08-12 09:00","2021","08","12","09:00","22.3","","20.3","","88","","0.2","","22","","18","","16.1","","100.26","","30","","","","NA"
"-79.40","43.63","TORONTO CITY CENTRE","6158359","2021-08-12 10:00","2021","08","12","10:00","22.5","","20.3","","87","","0.0","","21","","18","","16.1","","100.38","","30","","","","NA"
"-79.40","43.63","TORONTO CITY CENTRE","6158359","2021-08-12 11:00","2021","08","12","11:00","23.6","","20.8","","84","","0.0","","22","","18","","16.1","","100.39","","32","","","","NA"
"-79.40","43.63","TORONTO CITY CENTRE","6158359","2021-08-12 12:00","2021","08","12","12:00","23.6","","21.0","","85","","0.0","","19","","13","","16.1","","100.37","","32","","","","NA"
"-79.40","43.63","TORONTO CITY CENTRE","6158359","2021-08-12 13:00","2021","08","12","13:00","25.8","","22.0","","79","","0.0","","20","","18","","16.1","","100.28","","35","","","","NA"
"-79.40","43.63","TORONTO CITY CENTRE","6158359","2021-08-12 14:00","2021","08","12","14:00","25.0","","21.5","","81","","0.0","","20","","26","","16.1","","100.27","","34","","","","NA"
"-79.40","43.63","TORONTO CITY CENTRE","6158359","2021-08-12 15:00","2021","08","12","15:00","25.9","","21.7","","77","","0.0","","21","","30","","16.1","","100.30","","35","","","","NA"
"-79.40","43.63","TORONTO CITY CENTRE","6158359","2021-08-12 16:00","2021","08","12","16:00","25.9","","21.7","","77","","0.0","","21","","26","","16.1","","100.31","","35","","","","NA"
"-79.40","43.63","TORONTO CITY CENTRE","6158359","2021-08-12 17:00","2021","08","12","17:00","25.1","","20.9","","77","","0.0","","21","","22","","16.1","","100.28","","33","","","","NA"
"-79.40","43.63","TORONTO CITY CENTRE","6158359","2021-08-12 18:00","2021","08","12","18:00","24.6","","20.7","","79","","0.0","","22","","17","","16.1","","100.27","","33","","","","NA"
"-79.40","43.63","TORONTO CITY CENTRE","6158359","2021-08-12 19:00","2021","08","12","19:00","23.3","","20.3","","83","","0.0","","22","","8","","16.1","","100.32","","31","","","","NA"
"-79.40","43.63","TORONTO CITY CENTRE","6158359","2021-08-12 20:00","2021","08","12","20:00","23.6","","20.8","","84","","0.0","","21","","15","","16.1","","100.34","","32","","","","NA"
"-79.40","43.63","TORONTO CITY CENTRE","6158359","2021-08-12 21:00","2021","08","12","21:00","22.9","","20.2","","85","","0.0","","27","","11","","16.1","","100.40","","31","","","","NA"
"-79.40","43.63","TORONTO CITY CENTRE","6158359","2021-08-12 22:00","2021","08","12","22:00","22.3","","20.9","","92","","0.0","","22","","13","","16.1","","100.42","","31","","","","NA"
"-79.40","43.63","TORONTO CITY CENTRE","6158359","2021-08-12 23:00","2021","08","12","23:00","22.3","","21.0","","92","","0.0","","27","","8","","16.1","","100.46","","31","","","","NA"
"-79.40","43.63","TORONTO CITY CENTRE","6158359","2021-08-13 00:00","2021","08","13","00:00","21.7","","21.1","","96","","0.0","","22","","9","","11.3","","100.45","","30","","","","NA"
"-79.40","43.63","TORONTO CITY CENTRE","6158359","2021-08-13 01:00","2021","08","13","01:00","21.3","","20.8","","97","","0.0","","24","","8","","9.7","","100.44","","30","","","","Fog"
"-79.40","43.63","TORONTO CITY CENTRE","6158359","2021-08-13 02:00","2021","08","13","02:00","21.9","","21.4","","97","","0.0","","","M","9","","9.7","","100.42","","31","","","","Fog"
"-79.40","43.63","TORONTO CITY CENTRE","6158359","2021-08-13 03:00","2021","08","13","03:00","21.1","","20.8","","98","","0.0","","24","","5","","8.1","","100.40","","29","","","","Fog"
"-79.40","43.63","TORONTO CITY CENTRE","6158359","2021-08-13 04:00","2021","08","13","04:00","21.5","","21.2","","98","","0.0","","23","","5","","4.8","","100.39","","30","","","","Fog"
"-79.40","43.63","TORONTO CITY CENTRE","6158359","2021-08-13 05:00","2021","08","13","05:00","21.2","","21.0","","99","","0.0","","","M","4","","4.8","","100.41","","30","","","","Fog"
"-79.40","43.63","TORONTO CITY CENTRE","6158359","2021-08-13 06:00","2021","08","13","06:00","21.7","","21.1","","96","","0.0","","25","","15","","16.1","","100.50","","30","","","","NA"
"-79.40","43.63","TORONTO CITY CENTRE","6158359","2021-08-13 07:00","2021","08","13","07:00","21.8","","21.2","","96","","0.0","","25","","11","","16.1","","100.55","","30","","","","NA"
"-79.40","43.63","TORONTO CITY CENTRE","6158359","2021-08-13 08:00","2021","08","13","08:00","23.0","","21.7","","92","","0.0","","23","","15","","16.1","","100.58","","32","","","","NA"
"-79.40","43.63","TORONTO CITY CENTRE","6158359","2021-08-13 09:00","2021","08","13","09:00","24.0","","21.9","","88","","0.0","","20","","17","","16.1","","100.58","","33","","","","NA"
"-79.40","43.63","TORONTO CITY CENTRE","6158359","2021-08-13 10:00","2021","08","13","10:00","24.4","","21.7","","85","","0.0","","21","","21","","16.1","","100.58","","33","","","","NA"
"-79.40","43.63","TORONTO CITY CENTRE","6158359","2021-08-13 11:00","2021","08","13","11:00","24.6","","21.8","","84","","0.0","","20","","22","","16.1","","100.58","","34","","","","NA"
"-79.40","43.63","TORONTO CITY CENTRE","6158359","2021-08-13 12:00","2021","08","13","12:00","24.8","","21.8","","83","","0.0","","20","","24","","16.1","","100.59","","34","","","","NA"
"-79.40","43.63","TORONTO CITY CENTRE","6158359","2021-08-13 13:00","2021","08","13","13:00","24.5","","21.7","","84","","0.0","","20","","24","","16.1","","100.58","","34","","","","NA"
"-79.40","43.63","TORONTO CITY CENTRE","6158359","2021-08-13 14:00","2021","08","13","14:00","24.8","","21.6","","82","","0.0","","20","","26","","16.1","","100.55","","34","","","","NA"
"-79.40","43.63","TORONTO CITY CENTRE","6158359","2021-08-13 15:00","2021","08","13","15:00","25.0","","21.8","","82","","0.0","","20","","21","","16.1","","100.48","","34","","","","NA"
"-79.40","43.63","TORONTO CITY CENTRE","6158359","2021-08-13 16:00","2021","08","13","16:00","23.9","","21.5","","86","","0.0","","20","","22","","16.1","","100.44","","33","","","","Rain"
"-79.40","43.63","TORONTO CITY CENTRE","6158359","2021-08-13 17:00","2021","08","13","17:00","23.3","","20.4","","84","","0.2","","21","","15","","16.1","","100.49","","31","","","","NA"
"-79.40","43.63","TORONTO CITY CENTRE","6158359","2021-08-13 18:00","2021","08","13","18:00","22.5","","19.7","","84","","0.0","","25","","17","","16.1","","100.50","","30","","","","NA"
"-79.40","43.63","TORONTO CITY CENTRE","6158359","2021-08-13 19:00","2021","08","13","19:00","25.6","","14.2","","49","","0.0","","35","","21","","16.1","","100.58","","29","","","","NA"
"-79.40","43.63","TORONTO CITY CENTRE","6158359","2021-08-13 20:00","2021","08","13","20:00","24.4","","14.1","","52","","0.0","","36","","17","","16.1","","100.69","","28","","","","NA"
"-79.40","43.63","TORONTO CITY CENTRE","6158359","2021-08-13 21:00","2021","08","13","21:00","23.2","","11.4","","47","","0.0","","35","","18","","16.1","","100.76","","25","","","","NA"
"-79.40","43.63","TORONTO CITY CENTRE","6158359","2021-08-13 22:00","2021","08","13","22:00","22.4","","10.7","","47","","0.0","","33","","17","","16.1","","100.80","","","","","","NA"
"-79.40","43.63","TORONTO CITY CENTRE","6158359","2021-08-13 23:00","2021","08","13","23:00","22.5","","10.2","","45","","0.0","","33","","17","","16.1","","100.82","","","","","","NA"
"-79.40","43.63","TORONTO CITY CENTRE","6158359","2021-08-14 00:00","2021","08","14","00:00","21.6","","10.8","","50","","0.0","","34","","11","","16.1","","100.83","","","","","","NA"
"-79.40","43.63","TORONTO CITY CENTRE","6158359","2021-08-14 01:00","2021","08","14","01:00","21.4","","11.0","","51","","0.0","","33","","8","","16.1","","100.87","","","","","","NA"
"-79.40","43.63","TORONTO CITY CENTRE","6158359","2021-08-14 02:00","2021","08","14","02:00","21.3","","10.3","","49","","0.0","","29","","5","","16.1","","100.89","","","","","","NA"
"-79.40","43.63","TORONTO CITY CENTRE","6158359","2021-08-14 03:00","2021","08","14","03:00","20.0","","11.5","","58","","0.0","","31","","13","","16.1","","100.91","","","","","","NA"
"-79.40","43.63","TORONTO CITY CENTRE","6158359","2021-08-14 04:00","2021","08","14","04:00","19.0","","10.7","","58","","0.0","","33","","11","","16.1","","100.96","","","","","","NA"
"-79.40","43.63","TORONTO CITY CENTRE","6158359","2021-08-14 05:00","2021","08","14","05:00","18.7","","10.3","","58","","0.0","","33","","15","","16.1","","101.05","","","","","","NA"
"-79.40","43.63","TORONTO CITY CENTRE","6158359","2021-08-14 06:00","2021","08","14","06:00","18.6","","11.0","","61","","0.0","","32","","11","","16.1","","101.13","","","","","","NA"
"-79.40","43.63","TORONTO CITY CENTRE","6158359","2021-08-14 07:00","2021","08","14","07:00","19.7","","11.6","","59","","0.0","","31","","11","","16.1","","101.19","","","","","","NA"
"-79.40","43.63","TORONTO CITY CENTRE","6158359","2021-08-14 08:00","2021","08","14","08:00","21.0","","11.0","","52","","0.0","","30","","15","","16.1","","101.24","","","","","","NA"
"-79.40","43.63","TORONTO CITY CENTRE","6158359","2021-08-14 09:00","2021","08","14","09:00","22.1","","10.3","","47","","0.0","","31","","21","","16.1","","101.27","","","","","","NA"
"-79.40","43.63","TORONTO CITY CENTRE","6158359","2021-08-14 10:00","2021","08","14","10:00","22.5","","9.5","","43","","0.0","","35","","13","","16.1","","101.31","","","","","","NA"
"-79.40","43.63","TORONTO CITY CENTRE","6158359","2021-08-14 11:00","2021","08","14","11:00","23.5","","9.7","","41","","0.0","","27","","18","","16.1","","101.34","","25","","","","NA"
"-79.40","43.63","TORONTO CITY CENTRE","6158359","2021-08-14 12:00","2021","08","14","12:00","24.3","","9.5","","39","","0.0","","26","","17","","16.1","","101.32","","25","","","","NA"
"-79.40","43.63","TORONTO CITY CENTRE","6158359","2021-08-14 13:00","2021","08","14","13:00","24.8","","8.1","","34","","0.0","","31","","17","","16.1","","101.30","","25","","","","NA"
"-79.40","43.63","TORONTO CITY CENTRE","6158359","2021-08-14 14:00","2021","08","14","14:00","25.4","","9.3","","36","","0.0","","26","","22","","16.1","","101.30","","26","","","","NA"
"-79.40","43.63","TORONTO CITY CENTRE","6158359","2021-08-14 15:00","2021","08","14","15:00","24.3","","11.9","","45","","0.0","","21","","13","","16.1","","101.28","","27","","","","NA"
"-79.40","43.63","TORONTO CITY CENTRE","6158359","2021-08-14 16:00","2021","08","14","16:00","25.6","","8.7","","34","","0.0","","29","","13","","16.1","","101.27","","26","","","","NA"
"-79.40","43.63","TORONTO CITY CENTRE","6158359","2021-08-14 17:00","2021","08","14","17:00","25.1","","9.4","","37","","0.0","","28","","15","","16.1","","101.25","","26","","","","NA"
"-79.40","43.63","TORONTO CITY CENTRE","6158359","2021-08-14 18:00","2021","08","14","18:00","24.0","","8.5","","37","","0.0","","32","","15","","16.1","","101.23","","25","","","","NA"
"-79.40","43.63","TORONTO CITY CENTRE","6158359","2021-08-14 19:00","2021","08","14","19:00","22.8","","11.2","","47","","0.0","","34","","18","","16.1","","101.28","","25","","","","NA"
"-79.40","43.63","TORONTO CITY CENTRE","6158359","2021-08-14 20:00","2021","08","14","20:00","20.9","","11.6","","55","","0.0","","34","","18","","16.1","","101.36","","","","","","NA"
"-79.40","43.63","TORONTO CITY CENTRE","6158359","2021-08-14 21:00","2021","08","14","21:00","19.7","","10.8","","56","","0.0","","34","","11","","16.1","","101.45","","","","","","NA"
"-79.40","43.63","TORONTO CITY CENTRE","6158359","2021-08-14 22:00","2021","08","14","22:00","19.0","","10.8","","59","","0.0","","33","","15","","16.1","","101.51","","","","","","NA"
"-79.40","43.63","TORONTO CITY CENTRE","6158359","2021-08-14 23:00","2021","08","14","23:00","18.6","","10.7","","60","","0.0","","33","","13","","16.1","","101.54","","","","","","NA"
"-79.40","43.63","TORONTO CITY CENTRE","6158359","2021-08-15 00:00","2021","08","15","00:00","18.0","","10.9","","63","","0.0","","33","","8","","16.1","","101.55","","","","","","NA"
"-79.40","43.63","TORONTO CITY CENTRE","6158359","2021-08-15 01:00","2021","08","15","01:00","17.6","","11.3","","66","","0.0","","30","","9","","16.1","","101.55","","","","","","NA"
"-79.40","43.63","TORONTO CITY CENTRE","6158359","2021-08-15 02:00","2021","08","15","02:00","17.0","","11.3","","69","","0.0","","31","","9","","16.1","","101.54","","","","","","NA"
"-79.40","43.63","TORONTO CITY CENTRE","6158359","2021-08-15 03:00","2021","08","15","03:00","16.1","","11.3","","73","","0.0","","32","","13","","16.1","","101.53","","","","","","NA"
"-79.40","43.63","TORONTO CITY CENTRE","6158359","2021-08-15 04:00","2021","08","15","04:00","16.6","","11.0","","69","","0.0","","34","","9","","16.1","","101.54","","","","","","NA"
"-79.40","43.63","TORONTO CITY CENTRE","6158359","2021-08-15 05:00","2021","08","15","05:00","17.2","","10.2","","63","","0.0","","1","","11","","16.1","","101.56","","","","","","NA"
"-79.40","43.63","TORONTO CITY CENTRE","6158359","2021-08-15 06:00","2021","08","15","06:00","17.6","","9.3","","58","","0.0","","36","","15","","16.1","","101.63","","","","","","NA"
"-79.40","43.63","TORONTO CITY CENTRE","6158359","2021-08-15 07:00","2021","08","15","07:00","18.6","","9.8","","56","","0.0","","6","","21","","16.1","","101.65","","","","","","NA"
"-79.40","43.63","TORONTO CITY CENTRE","6158359","2021-08-15 08:00","2021","08","15","08:00","20.0","","10.6","","54","","0.0","","4","","13","","16.1","","101.67","","","","","","NA"
"-79.40","43.63","TORONTO CITY CENTRE","6158359","2021-08-15 09:00","2021","08","15","09:00","20.9","","10.7","","52","","0.0","","7","","24","","16.1","","101.67","","","","","","NA"
"-79.40","43.63","TORONTO CITY CENTRE","6158359","2021-08-15 10:00","2021","08","15","10:00","21.5","","10.9","","50","","0.0","","8","","22","","16.1","","101.69","","","","","","NA"
"-79.40","43.63","TORONTO CITY CENTRE","6158359","2021-08-15 11:00","2021","08","15","11:00","21.2","","11.7","","54","","0.0","","8","","18","","16.1","","101.66","","","","","","NA"
"-79.40","43.63","TORONTO CITY CENTRE","6158359","2021-08-15 12:00","2021","08","15","12:00","22.0","","12.6","","55","","0.0","","7","","21","","16.1","","101.63","","25","","","","NA"
"-79.40","43.63","TORONTO CITY CENTRE","6158359","2021-08-15 13:00","2021","08","15","13:00","22.1","","12.4","","54","","0.0","","8","","15","","16.1","","101.59","","25","","","","NA"
"-79.40","43.63","TORONTO CITY CENTRE","6158359","2021-08-15 14:00","2021","08","15","14:00","22.3","","12.5","","54","","0.0","","8","","18","","16.1","","101.55","","25","","","","NA"
"-79.40","43.63","TORONTO CITY CENTRE","6158359","2021-08-15 15:00","2021","08","15","15:00","22.4","","11.9","","51","","0.0","","8","","17","","16.1","","101.50","","25","","","","NA"
"-79.40","43.63","TORONTO CITY CENTRE","6158359","2021-08-15 16:00","2021","08","15","16:00","22.5","","11.6","","50","","0.0","","9","","15","","16.1","","101.46","","25","","","","NA"
"-79.40","43.63","TORONTO CITY CENTRE","6158359","2021-08-15 17:00","2021","08","15","17:00","22.0","","13.0","","56","","0.0","","7","","13","","16.1","","101.41","","25","","","","NA"
"-79.40","43.63","TORONTO CITY CENTRE","6158359","2021-08-15 18:00","2021","08","15","18:00","21.5","","13.8","","61","","0.0","","7","","13","","16.1","","101.35","","25","","","","NA"
"-79.40","43.63","TORONTO CITY CENTRE","6158359","2021-08-15 19:00","2021","08","15","19:00","20.4","","14.4","","68","","0.0","","7","","11","","16.1","","101.30","","","","","","NA"
"-79.40","43.63","TORONTO CITY CENTRE","6158359","2021-08-15 20:00","2021","08","15","20:00","19.4","","14.5","","73","","0.0","","7","","11","","16.1","","101.32","","","","","","NA"
"-79.40","43.63","TORONTO CITY CENTRE","6158359","2021-08-15 21:00","2021","08","15","21:00","19.7","","14.8","","73","","0.0","","8","","8","","16.1","","101.34","","","","","","NA"
"-79.40","43.63","TORONTO CITY CENTRE","6158359","2021-08-15 22:00","2021","08","15","22:00","20.0","","14.2","","69","","0.0","","8","","9","","16.1","","101.31","","","","","","NA"
"-79.40","43.63","TORONTO CITY CENTRE","6158359","2021-08-15 23:00","2021","08","15","23:00","19.7","","14.4","","71","","0.0","","8","","8","","16.1","","101.32","","","","","","NA"
"-79.40","43.63","TORONTO CITY CENTRE","6158359","2021-08-16 00:00","2021","08","16","00:00","19.5","","14.8","","74","","0.0","","11","","5","","16.1","","101.33","","","","","","NA"
"-79.40","43.63","TORONTO CITY CENTRE","6158359","2021-08-16 01:00","2021","08","16","01:00","19.7","","14.2","","70","","0.0","","12","","5","","16.1","","101.30","","","","","","NA"
"-79.40","43.63","TORONTO CITY CENTRE","6158359","2021-08-16 02:00","2021","08","16","02:00","18.8","","14.5","","76","","0.0","","6","","11","","16.1","","101.28","","","","","","NA"
"-79.40","43.63","TORONTO CITY CENTRE","6158359","2021-08-16 03:00","2021","08","16","03:00","18.5","","14.4","","77","","0.0","","7","","8","","16.1","","101.27","","","","","","NA"
"-79.40","43.63","TORONTO CITY CENTRE","6158359","2021-08-16 04:00","2021","08","16","04:00","18.7","","14.4","","76","","0.0","","5","","13","","16.1","","101.24","","","","","","NA"
"-79.40","43.63","TORONTO CITY CENTRE","6158359","2021-08-16 05:00","2021","08","16","05:00","18.6","","14.5","","77","","0.0","","5","","17","","16.1","","101.26","","","","","","NA"
"-79.40","43.63","TORONTO CITY CENTRE","6158359","2021-08-16 06:00","2021","08","16","06:00","19.1","","15.0","","77","","0.0","","5","","21","","16.1","","101.26","","","","","","NA"
"-79.40","43.63","TORONTO CITY CENTRE","6158359","2021-08-16 07:00","2021","08","16","07:00","19.1","","15.0","","77","","0.0","","6","","21","","16.1","","101.26","","","","","","NA"
"-79.40","43.63","TORONTO CITY CENTRE","6158359","2021-08-16 08:00","2021","08","16","08:00","21.3","","16.2","","72","","0.0","","7","","22","","16.1","","101.26","","26","","","","NA"
"-79.40","43.63","TORONTO CITY CENTRE","6158359","2021-08-16 09:00","2021","08","16","09:00","21.9","","16.8","","73","","0.0","","7","","24","","16.1","","101.27","","27","","","","NA"
"-79.40","43.63","TORONTO CITY CENTRE","6158359","2021-08-16 10:00","2021","08","16","10:00","22.4","","17.6","","74","","0.0","","6","","24","","16.1","","101.30","","28","","","","NA"
"-79.40","43.63","TORONTO CITY CENTRE","6158359","2021-08-16 11:00","2021","08","16","11:00","22.8","","18.2","","75","","0.0","","6","","28","","16.1","","101.29","","29","","","","NA"
"-79.40","43.63","TORONTO CITY CENTRE","6158359","2021-08-16 12:00","2021","08","16","12:00","22.8","","18.2","","75","","0.0","","6","","26","","16.1","","101.24","","29","","","","NA"
"-79.40","43.63","TORONTO CITY CENTRE","6158359","2021-08-16 13:00","2021","08","16","13:00","22.5","","17.9","","75","","0.0","","7","","30","","16.1","","101.20","","28","","","","NA"
"-79.40","43.63","TORONTO CITY CENTRE","6158359","2021-08-16 14:00","2021","08","16","14:00","22.4","","18.0","","76","","0.0","","7","","22","","16.1","","101.16","","28","","","","NA"
"-79.40","43.63","TORONTO CITY CENTRE","6158359","2021-08-16 15:00","2021","08","16","15:00","22.3","","17.9","","76","","0.0","","7","","22","","16.1","","101.10","","28","","","","NA"
"-79.40","43.63","TORONTO CITY CENTRE","6158359","2021-08-16 16:00","2021","08","16","16:00","22.1","","17.9","","77","","0.0","","6","","24","","16.1","","101.07","","28","","","","NA"
"-79.40","43.63","TORONTO CITY CENTRE","6158359","2021-08-16 17:00","2021","08","16","17:00","21.8","","17.9","","78","","0.0","","6","","21","","16.1","","101.01","","28","","","","Rain"
"-79.40","43.63","TORONTO CITY CENTRE","6158359","2021-08-16 18:00","2021","08","16","18:00","21.9","","17.8","","77","","0.0","","7","","22","","16.1","","100.97","","28","","","","NA"
"-79.40","43.63","TORONTO CITY CENTRE","6158359","2021-08-16 19:00","2021","08","16","19:00","21.8","","18.1","","79","","0.0","","6","","21","","16.1","","100.95","","28","","","","NA"
"-79.40","43.63","TORONTO CITY CENTRE","6158359","2021-08-16 20:00","2021","08","16","20:00","21.8","","18.0","","79","","0.0","","6","","24","","16.1","","100.93","","28","","","","NA"
"-79.40","43.63","TORONTO CITY CENTRE","6158359","2021-08-16 21:00","2021","08","16","21:00","22.0","","18.1","","78","","0.0","","6","","21","","16.1","","100.96","","28","","","","NA"
"-79.40","43.63","TORONTO CITY CENTRE","6158359","2021-08-16 22:00","2021","08","16","22:00","22.0","","18.8","","82","","0.0","","6","","18","","16.1","","100.93","","29","","","","NA"
"-79.40","43.63","TORONTO CITY CENTRE","6158359","2021-08-16 23:00","2021","08","16","23:00","21.9","","19.1","","84","","0.0","","6","","18","","16.1","","100.89","","29","","","","NA"
"-79.40","43.63","TORONTO CITY CENTRE","6158359","2021-08-17 00:00","2021","08","17","00:00","22.1","","19.9","","87","","0.0","","8","","11","","16.1","","100.89","","30","","","","NA"
"-79.40","43.63","TORONTO CITY CENTRE","6158359","2021-08-17 01:00","2021","08","17","01:00","21.9","","19.5","","86","","0.0","","6","","11","","16.1","","100.86","","29","","","","NA"
"-79.40","43.63","TORONTO CITY CENTRE","6158359","2021-08-17 02:00","2021","08","17","02:00","22.0","","19.8","","87","","0.0","","8","","9","","16.1","","100.81","","29","","","","NA"
"-79.40","43.63","TORONTO CITY CENTRE","6158359","2021-08-17 03:00","2021","08","17","03:00","22.0","","20.1","","89","","0.0","","8","","8","","16.1","","100.81","","30","","","","NA"
"-79.40","43.63","TORONTO CITY CENTRE","6158359","2021-08-17 04:00","2021","08","17","04:00","21.9","","19.9","","88","","0.0","","7","","9","","16.1","","100.82","","29","","","","NA"
"-79.40","43.63","TORONTO CITY CENTRE","6158359","2021-08-17 05:00","2021","08","17","05:00","21.9","","19.9","","88","","0.0","","7","","8","","16.1","","100.82","","29","","","","NA"
"-79.40","43.63","TORONTO CITY CENTRE","6158359","2021-08-17 06:00","2021","08","17","06:00","22.0","","20.0","","88","","0.0","","8","","8","","16.1","","100.86","","30","","","","NA"
"-79.40","43.63","TORONTO CITY CENTRE","6158359","2021-08-17 07:00","2021","08","17","07:00","22.3","","20.3","","88","","0.0","","9","","8","","16.1","","100.89","","30","","","","NA"
"-79.40","43.63","TORONTO CITY CENTRE","6158359","2021-08-17 08:00","2021","08","17","08:00","22.6","","20.2","","86","","0.0","","9","","8","","16.1","","100.92","","30","","","","NA"
"-79.40","43.63","TORONTO CITY CENTRE","6158359","2021-08-17 09:00","2021","08","17","09:00","23.1","","20.6","","86","","0.0","","9","","8","","16.1","","100.93","","31","","","","NA"
"-79.40","43.63","TORONTO CITY CENTRE","6158359","2021-08-17 10:00","2021","08","17","10:00","25.0","","21.9","","83","","0.0","","","M","4","","16.1","","100.93","","34","","","","NA"
"-79.40","43.63","TORONTO CITY CENTRE","6158359","2021-08-17 11:00","2021","08","17","11:00","25.6","","21.1","","76","","0.0","","13","","5","","16.1","","100.89","","34","","","","NA"
"-79.40","43.63","TORONTO CITY CENTRE","6158359","2021-08-17 12:00","2021","08","17","12:00","26.1","","21.8","","77","","0.0","","16","","13","","16.1","","100.88","","35","","","","NA"
"-79.40","43.63","TORONTO CITY CENTRE","6158359","2021-08-17 13:00","2021","08","17","13:00","26.2","","21.1","","73","","0.0","","11","","11","","16.1","","100.84","","35","","","","NA"
"-79.40","43.63","TORONTO CITY CENTRE","6158359","2021-08-17 14:00","2021","08","17","14:00","25.8","","21.6","","77","","0.0","","15","","9","","16.1","","100.84","","35","","","","NA"
"-79.40","43.63","TORONTO CITY CENTRE","6158359","2021-08-17 15:00","2021","08","17","15:00","25.0","","21.7","","82","","0.0","","14","","13","","16.1","","100.81","","34","","","","NA"
"-79.40","43.63","TORONTO CITY CENTRE","6158359","2021-08-17 16:00","2021","08","17","16:00","26.1","","21.9","","77","","0.0","","12","","9","","16.1","","100.77","","35","","","","NA"
"-79.40","43.63","TORONTO CITY CENTRE","6158359","2021-08-17 17:00","2021","08","17","17:00","26.0","","21.7","","77","","0.0","","10","","9","","16.1","","100.76","","35","","","","NA"
"-79.40","43.63","TORONTO CITY CENTRE","6158359","2021-08-17 18:00","2021","08","17","18:00","24.8","","22.1","","85","","0.0","","10","","9","","16.1","","100.80","","34","","","","NA"
"-79.40","43.63","TORONTO CITY CENTRE","6158359","2021-08-17 19:00","2021","08","17","19:00","24.0","","22.5","","91","","0.0","","10","","11","","16.1","","100.80","","34","","","","NA"
"-79.40","43.63","TORONTO CITY CENTRE","6158359","2021-08-17 20:00","2021","08","17","20:00","23.4","","22.2","","93","","0.0","","8","","9","","16.1","","100.83","","33","","","","NA"
"-79.40","43.63","TORONTO CITY CENTRE","6158359","2021-08-17 21:00","2021","08","17","21:00","23.7","","21.6","","88","","0.0","","19","","15","","16.1","","100.85","","33","","","","NA"
"-79.40","43.63","TORONTO CITY CENTRE","6158359","2021-08-17 22:00","2021","08","17","22:00","23.5","","21.6","","89","","0.0","","19","","13","","16.1","","100.90","","32","","","","NA"
"-79.40","43.63","TORONTO CITY CENTRE","6158359","2021-08-17 23:00","2021","08","17","23:00","22.8","","21.3","","91","","0.0","","21","","13","","16.1","","100.94","","31","","","","NA"
"-79.40","43.63","TORONTO CITY CENTRE","6158359","2021-08-18 00:00","2021","08","18","00:00","22.8","","21.4","","91","","0.0","","20","","13","","16.1","","100.94","","32","","","","NA"
"-79.40","43.63","TORONTO CITY CENTRE","6158359","2021-08-18 01:00","2021","08","18","01:00","22.7","","21.2","","91","","0.0","","22","","13","","16.1","","100.91","","31","","","","NA"
"-79.40","43.63","TORONTO CITY CENTRE","6158359","2021-08-18 02:00","2021","08","18","02:00","22.1","","20.6","","91","","0.0","","23","","5","","16.1","","100.91","","30","","","","NA"
"-79.40","43.63","TORONTO CITY CENTRE","6158359","2021-08-18 03:00","2021","08","18","03:00","21.4","","20.6","","95","","0.0","","","","0","","16.1","","100.90","","29","","","","NA"
"-79.40","43.63","TORONTO CITY CENTRE","6158359","2021-08-18 04:00","2021","08","18","04:00","22.0","","21.0","","94","","0.0","","7","","4","","16.1","","100.94","","30","","","","NA"
"-79.40","43.63","TORONTO CITY CENTRE","6158359","2021-08-18 05:00","2021","08","18","05:00","22.1","","21.3","","95","","0.0","","9","","9","","14.5","","100.96","","31","","","","NA"
"-79.40","43.63","TORONTO CITY CENTRE","6158359","2021-08-18 06:00","2021","08","18","06:00","22.3","","21.0","","92","","0.0","","9","","8","","14.5","","101.04","","31","","","","NA"
"-79.40","43.63","TORONTO CITY CENTRE","6158359","2021-08-18 07:00","2021","08","18","07:00","22.6","","21.1","","91","","0.0","","9","","8","","12.9","","101.07","","31","","","","NA"
"-79.40","43.63","TORONTO CITY CENTRE","6158359","2021-08-18 08:00","2021","08","18","08:00","23.0","","21.8","","93","","0.0","","8","","9","","14.5","","101.09","","32","","","","NA"
"-79.40","43.63","TORONTO CITY CENTRE","6158359","2021-08-18 09:00","2021","08","18","09:00","23.5","","21.6","","89","","0.0","","8","","11","","11.3","","101.10","","32","","","","NA"
"-79.40","43.63","TORONTO CITY CENTRE","6158359","2021-08-18 10:00","2021","08","18","10:00","23.5","","21.8","","90","","0.0","","10","","9","","16.1","","101.09","","33","","","","NA"
"-79.40","43.63","TORONTO CITY CENTRE","6158359","2021-08-18 11:00","2021","08","18","11:00","23.5","","22.8","","96","","0.2","","8","","15","","4.8","","101.07","","34","","","","Fog"
"-79.40","43.63","TORONTO CITY CENTRE","6158359","2021-08-18 12:00","2021","08","18","12:00","24.3","","22.0","","87","","0.2","","7","","17","","16.1","","101.04","","34","","","","NA"
"-79.40","43.63","TORONTO CITY CENTRE","6158359","2021-08-18 13:00","2021","08","18","13:00","24.7","","22.7","","89","","0.2","","8","","18","","12.9","","101.02","","35","","","","NA"
"-79.40","43.63","TORONTO CITY CENTRE","6158359","2021-08-18 14:00","2021","08","18","14:00","25.3","","22.6","","85","","0.0","","8","","17","","16.1","","100.97","","35","","","","NA"
"-79.40","43.63","TORONTO CITY CENTRE","6158359","2021-08-18 15:00","2021","08","18","15:00","25.5","","22.6","","84","","0.0","","8","","17","","16.1","","100.91","","35","","","","NA"
"-79.40","43.63","TORONTO CITY CENTRE","6158359","2021-08-18 16:00","2021","08","18","16:00","25.2","","22.0","","82","","0.0","","8","","18","","16.1","","100.86","","35","","","","NA"
"-79.40","43.63","TORONTO CITY CENTRE","6158359","2021-08-18 17:00","2021","08","18","17:00","24.5","","22.0","","86","","0.0","","8","","21","","16.1","","100.86","","34","","","","NA"
"-79.40","43.63","TORONTO CITY CENTRE","6158359","2021-08-18 18:00","2021","08","18","18:00","23.9","","22.7","","93","","0.0","","8","","21","","16.1","","100.86","","34","","","","NA"
"-79.40","43.63","TORONTO CITY CENTRE","6158359","2021-08-18 19:00","2021","08","18","19:00","23.5","","22.5","","94","","0.0","","6","","21","","16.1","","100.85","","33","","","","NA"
"-79.40","43.63","TORONTO CITY CENTRE","6158359","2021-08-18 20:00","2021","08","18","20:00","23.2","","22.1","","94","","0.0","","6","","18","","16.1","","100.89","","33","","","","NA"
"-79.40","43.63","TORONTO CITY CENTRE","6158359","2021-08-18 21:00","2021","08","18","21:00","23.1","","21.5","","90","","0.0","","6","","17","","16.1","","100.88","","32","","","","NA"
"-79.40","43.63","TORONTO CITY CENTRE","6158359","2021-08-18 22:00","2021","08","18","22:00","23.1","","21.1","","88","","0.0","","6","","13","","16.1","","100.88","","32","","","","NA"
"-79.40","43.63","TORONTO CITY CENTRE","6158359","2021-08-18 23:00","2021","08","18","23:00","22.9","","21.0","","89","","0.0","","5","","13","","16.1","","100.85","","31","","","","NA"
"-79.40","43.63","TORONTO CITY CENTRE","6158359","2021-08-19 00:00","2021","08","19","00:00","23.7","","20.7","","83","","0.0","","","M","4","","16.1","","100.86","","32","","","","NA"
"-79.40","43.63","TORONTO CITY CENTRE","6158359","2021-08-19 01:00","2021","08","19","01:00","23.3","","20.8","","86","","0.0","","34","","5","","16.1","","100.81","","32","","","","NA"
"-79.40","43.63","TORONTO CITY CENTRE","6158359","2021-08-19 02:00","2021","08","19","02:00","23.3","","20.6","","85","","0.0","","36","","8","","16.1","","100.80","","31","","","","NA"
"-79.40","43.63","TORONTO CITY CENTRE","6158359","2021-08-19 03:00","2021","08","19","03:00","22.9","","20.5","","86","","0.0","","31","","5","","16.1","","100.81","","31","","","","NA"
"-79.40","43.63","TORONTO CITY CENTRE","6158359","2021-08-19 04:00","2021","08","19","04:00","22.0","","19.8","","87","","0.0","","31","","8","","16.1","","100.78","","29","","","","NA"
"-79.40","43.63","TORONTO CITY CENTRE","6158359","2021-08-19 05:00","2021","08","19","05:00","21.3","","19.0","","87","","0.0","","","M","4","","16.1","","100.77","","28","","","","NA"
"-79.40","43.63","TORONTO CITY CENTRE","6158359","2021-08-19 06:00","2021","08","19","06:00","21.7","","18.9","","84","","0.0","","31","","9","","16.1","","100.77","","28","","","","NA"
"-79.40","43.63","TORONTO CITY CENTRE","6158359","2021-08-19 07:00","2021","08","19","07:00","23.1","","19.3","","79","","0.0","","33","","9","","16.1","","100.79","","30","","","","NA"
"-79.40","43.63","TORONTO CITY CENTRE","6158359","2021-08-19 08:00","2021","08","19","08:00","24.9","","19.7","","73","","0.0","","33","","11","","16.1","","100.78","","32","","","","NA"
"-79.40","43.63","TORONTO CITY CENTRE","6158359","2021-08-19 09:00","2021","08","19","09:00","26.1","","20.3","","70","","0.0","","31","","11","","16.1","","100.80","","34","","","","NA"
"-79.40","43.63","TORONTO CITY CENTRE","6158359","2021-08-19 10:00","2021","08","19","10:00","27.8","","20.5","","64","","0.0","","","M","9","","16.1","","100.78","","36","","","","NA"
"-79.40","43.63","TORONTO CITY CENTRE","6158359","2021-08-19 11:00","2021","08","19","11:00","28.4","","19.9","","60","","0.0","","","M","4","","16.1","","100.76","","36","","","","NA"
"-79.40","43.63","TORONTO CITY CENTRE","6158359","2021-08-19 12:00","2021","08","19","12:00","25.0","","22.0","","83","","0.0","","19","","18","","16.1","","100.74","","34","","","","NA"
"-79.40","43.63","TORONTO CITY CENTRE","6158359","2021-08-19 13:00","2021","08","19","13:00","26.2","","22.1","","78","","0.0","","18","","13","","16.1","","100.72","","36","","","","NA"
"-79.40","43.63","TORONTO CITY CENTRE","6158359","2021-08-19 14:00","2021","08","19","14:00","26.6","","22.2","","76","","0.0","","19","","13","","16.1","","100.69","","36","","","","NA"
"-79.40","43.63","TORONTO CITY CENTRE","6158359","2021-08-19 15:00","2021","08","19","15:00","26.9","","21.6","","72","","0.0","","19","","13","","16.1","","100.64","","36","","","","NA"
"-79.40","43.63","TORONTO CITY CENTRE","6158359","2021-08-19 16:00","2021","08","19","16:00","27.2","","20.5","","66","","0.0","","17","","13","","16.1","","100.61","","35","","","","NA"
"-79.40","43.63","TORONTO CITY CENTRE","6158359","2021-08-19 17:00","2021","08","19","17:00","27.1","","20.6","","67","","0.0","","18","","9","","16.1","","100.56","","35","","","","NA"
"-79.40","43.63","TORONTO CITY CENTRE","6158359","2021-08-19 18:00","2021","08","19","18:00","26.5","","19.9","","67","","0.0","","18","","9","","16.1","","100.53","","34","","","","NA"
"-79.40","43.63","TORONTO CITY CENTRE","6158359","2021-08-19 19:00","2021","08","19","19:00","25.7","","19.7","","69","","0.0","","","M","4","","16.1","","100.52","","33","","","","NA"
"-79.40","43.63","TORONTO CITY CENTRE","6158359","2021-08-19 20:00","2021","08","19","20:00","25.5","","19.5","","69","","0.0","","28","","5","","16.1","","100.57","","33","","","","NA"
"-79.40","43.63","TORONTO CITY CENTRE","6158359","2021-08-19 21:00","2021","08","19","21:00","26.7","","12.2","","40","","0.0","","35","","17","","16.1","","100.60","","29","","","","NA"
"-79.40","43.63","TORONTO CITY CENTRE","6158359","2021-08-19 22:00","2021","08","19","22:00","25.5","","12.9","","45","","0.0","","32","","13","","16.1","","100.62","","28","","","","NA"
"-79.40","43.63","TORONTO CITY CENTRE","6158359","2021-08-19 23:00","2021","08","19","23:00","24.2","","15.6","","58","","0.0","","33","","13","","16.1","","100.61","","29","","","","NA"
"-79.40","43.63","TORONTO CITY CENTRE","6158359","2021-08-20 00:00","2021","08","20","00:00","23.3","","16.2","","64","","0.0","","33","","17","","16.1","","100.57","","28","","","","NA"
"-79.40","43.63","TORONTO CITY CENTRE","6158359","2021-08-20 01:00","2021","08","20","01:00","22.7","","16.4","","67","","0.0","","33","","17","","16.1","","100.54","","28","","","","NA"
"-79.40","43.63","TORONTO CITY CENTRE","6158359","2021-08-20 02:00","2021","08","20","02:00","22.6","","17.1","","71","","0.0","","33","","5","","16.1","","100.50","","28","","","","NA"
"-79.40","43.63","TORONTO CITY CENTRE","6158359","2021-08-20 03:00","2021","08","20","03:00","21.9","","17.6","","76","","0.0","","31","","11","","16.1","","100.51","","28","","","","NA"
"-79.40","43.63","TORONTO CITY CENTRE","6158359","2021-08-20 04:00","2021","08","20","04:00","20.5","","17.5","","83","","0.0","","28","","9","","16.1","","100.53","","26","","","","NA"
"-79.40","43.63","TORONTO CITY CENTRE","6158359","2021-08-20 05:00","2021","08","20","05:00","20.2","","17.5","","84","","0.0","","28","","8","","16.1","","100.54","","26","","","","NA"
"-79.40","43.63","TORONTO CITY CENTRE","6158359","2021-08-20 06:00","2021","08","20","06:00","20.1","","17.9","","87","","0.0","","29","","11","","16.1","","100.57","","26","","","","NA"
"-79.40","43.63","TORONTO CITY CENTRE","6158359","2021-08-20 07:00","2021","08","20","07:00","21.6","","18.3","","81","","0.0","","30","","11","","16.1","","100.59","","28","","","","NA"
"-79.40","43.63","TORONTO CITY CENTRE","6158359","2021-08-20 08:00","2021","08","20","08:00","24.5","","19.1","","72","","0.0","","34","","5","","16.1","","100.60","","31","","","","NA"
"-79.40","43.63","TORONTO CITY CENTRE","6158359","2021-08-20 09:00","2021","08","20","09:00","26.1","","19.6","","67","","0.0","","36","","11","","16.1","","100.58","","33","","","","NA"
"-79.40","43.63","TORONTO CITY CENTRE","6158359","2021-08-20 10:00","2021","08","20","10:00","28.0","","21.0","","65","","0.0","","","M","8","","14.5","","100.59","","36","","","","NA"
"-79.40","43.63","TORONTO CITY CENTRE","6158359","2021-08-20 11:00","2021","08","20","11:00","26.6","","20.4","","68","","0.0","","18","","11","","16.1","","100.56","","35","","","","NA"
"-79.40","43.63","TORONTO CITY CENTRE","6158359","2021-08-20 12:00","2021","08","20","12:00","26.4","","20.5","","70","","0.0","","17","","13","","16.1","","100.53","","34","","","","NA"
"-79.40","43.63","TORONTO CITY CENTRE","6158359","2021-08-20 13:00","2021","08","20","13:00","26.2","","21.9","","77","","0.0","","19","","13","","16.1","","100.52","","35","","","","NA"
"-79.40","43.63","TORONTO CITY CENTRE","6158359","2021-08-20 14:00","2021","08","20","14:00","25.8","","22.0","","79","","0.0","","21","","11","","16.1","","100.49","","35","","","","NA"
"-79.40","43.63","TORONTO CITY CENTRE","6158359","2021-08-20 15:00","2021","08","20","15:00","25.8","","22.1","","80","","0.0","","20","","8","","16.1","","100.44","","35","","","","NA"
"-79.40","43.63","TORONTO CITY CENTRE","6158359","2021-08-20 16:00","2021","08","20","16:00","25.6","","21.6","","78","","0.0","","20","","9","","16.1","","100.41","","35","","","","NA"
"-79.40","43.63","TORONTO CITY CENTRE","6158359","2021-08-20 17:00","2021","08","20","17:00","25.5","","22.1","","81","","0.0","","23","","5","","16.1","","100.38","","35","","","","NA"
"-79.40","43.63","TORONTO CITY CENTRE","6158359","2021-08-20 18:00","2021","08","20","18:00","25.3","","21.9","","81","","0.0","","25","","5","","16.1","","100.34","","35","","","","NA"
"-79.40","43.63","TORONTO CITY CENTRE","6158359","2021-08-20 19:00","2021","08","20","19:00","25.0","","20.1","","74","","0.0","","26","","11","","16.1","","100.36","","33","","","","NA"
"-79.40","43.63","TORONTO CITY CENTRE","6158359","2021-08-20 20:00","2021","08","20","20:00","25.4","","19.4","","69","","0.0","","28","","8","","16.1","","100.38","","32","","","","NA"
"-79.40","43.63","TORONTO CITY CENTRE","6158359","2021-08-20 21:00","2021","08","20","21:00","26.9","","18.4","","59","","0.0","","34","","8","","16.1","","100.38","","33","","","","NA"
"-79.40","43.63","TORONTO CITY CENTRE","6158359","2021-08-20 22:00","2021","08","20","22:00","24.6","","19.1","","71","","0.0","","","","0","","16.1","","100.38","","31","","","","NA"
"-79.40","43.63","TORONTO CITY CENTRE","6158359","2021-08-20 23:00","2021","08","20","23:00","24.3","","19.5","","74","","0.0","","","","0","","16.1","","100.41","","31","","","","NA"
"-79.40","43.63","TORONTO CITY CENTRE","6158359","2021-08-21 00:00","2021","08","21","00:00","24.5","","19.6","","74","","0.0","","","","0","","16.1","","100.39","","32","","","","NA"
"-79.40","43.63","TORONTO CITY CENTRE","6158359","2021-08-21 01:00","2021","08","21","01:00","24.2","","19.8","","76","","0.0","","","","0","","16.1","","100.38","","32","","","","NA"
"-79.40","43.63","TORONTO CITY CENTRE","6158359","2021-08-21 02:00","2021","08","21","02:00","23.5","","20.1","","81","","0.0","","","M","4","","16.1","","100.37","","31","","","","NA"
"-79.40","43.63","TORONTO CITY CENTRE","6158359","2021-08-21 03:00","2021","08","21","03:00","23.2","","20.4","","84","","0.0","","26","","13","","16.1","","100.35","","31","","","","NA"
"-79.40","43.63","TORONTO CITY CENTRE","6158359","2021-08-21 04:00","2021","08","21","04:00","23.8","","19.4","","76","","0.0","","30","","9","","16.1","","100.37","","31","","","","NA"
"-79.40","43.63","TORONTO CITY CENTRE","6158359","2021-08-21 05:00","2021","08","21","05:00","23.7","","19.4","","76","","0.0","","30","","8","","16.1","","100.37","","31","","","","NA"
"-79.40","43.63","TORONTO CITY CENTRE","6158359","2021-08-21 06:00","2021","08","21","06:00","23.2","","19.7","","80","","0.0","","","M","4","","16.1","","100.38","","31","","","","NA"
"-79.40","43.63","TORONTO CITY CENTRE","6158359","2021-08-21 07:00","2021","08","21","07:00","23.9","","20.3","","80","","0.0","","","M","4","","16.1","","100.39","","32","","","","NA"
"-79.40","43.63","TORONTO CITY CENTRE","6158359","2021-08-21 08:00","2021","08","21","08:00","24.9","","21.4","","81","","0.0","","10","","8","","16.1","","100.40","","34","","","","NA"
"-79.40","43.63","TORONTO CITY CENTRE","6158359","2021-08-21 09:00","2021","08","21","09:00","25.3","","21.7","","80","","0.0","","9","","11","","16.1","","100.36","","34","","","","NA"
"-79.40","43.63","TORONTO CITY CENTRE","6158359","2021-08-21 10:00","2021","08","21","10:00","25.6","","21.7","","79","","0.0","","9","","9","","16.1","","100.38","","35","","","","NA"
"-79.40","43.63","TORONTO CITY CENTRE","6158359","2021-08-21 11:00","2021","08","21","11:00","26.1","","22.2","","79","","0.0","","8","","13","","16.1","","100.37","","36","","","","NA"
"-79.40","43.63","TORONTO CITY CENTRE","6158359","2021-08-21 12:00","2021","08","21","12:00","26.6","","22.5","","78","","0.0","","7","","13","","16.1","","100.34","","36","","","","NA"
"-79.40","43.63","TORONTO CITY CENTRE","6158359","2021-08-21 13:00","2021","08","21","13:00","27.2","","22.3","","74","","0.0","","8","","15","","16.1","","100.31","","37","","","","NA"
"-79.40","43.63","TORONTO CITY CENTRE","6158359","2021-08-21 14:00","2021","08","21","14:00","26.3","","22.9","","81","","0.0","","9","","15","","16.1","","100.31","","36","","","","Rain"
"-79.40","43.63","TORONTO CITY CENTRE","6158359","2021-08-21 15:00","2021","08","21","15:00","27.2","","21.0","","68","","0.0","","9","","11","","16.1","","100.26","","36","","","","NA"
"-79.40","43.63","TORONTO CITY CENTRE","6158359","2021-08-21 16:00","2021","08","21","16:00","26.1","","22.1","","78","","0.0","","8","","13","","16.1","","100.21","","36","","","","NA"
"-79.40","43.63","TORONTO CITY CENTRE","6158359","2021-08-21 17:00","2021","08","21","17:00","26.9","","21.4","","71","","0.0","","8","","13","","16.1","","100.17","","36","","","","NA"
"-79.40","43.63","TORONTO CITY CENTRE","6158359","2021-08-21 18:00","2021","08","21","18:00","25.5","","21.9","","80","","0.0","","8","","11","","16.1","","100.23","","35","","","","NA"
"-79.40","43.63","TORONTO CITY CENTRE","6158359","2021-08-21 19:00","2021","08","21","19:00","25.2","","20.2","","73","","0.0","","8","","9","","16.1","","100.19","","33","","","","NA"
"-79.40","43.63","TORONTO CITY CENTRE","6158359","2021-08-21 20:00","2021","08","21","20:00","24.6","","20.6","","78","","0.0","","8","","9","","16.1","","100.21","","33","","","","NA"
"-79.40","43.63","TORONTO CITY CENTRE","6158359","2021-08-21 21:00","2021","08","21","21:00","24.5","","19.2","","72","","0.0","","8","","5","","16.1","","100.24","","31","","","","NA"
"-79.40","43.63","TORONTO CITY CENTRE","6158359","2021-08-21 22:00","2021","08","21","22:00","24.5","","19.2","","72","","0.0","","9","","9","","16.1","","100.24","","31","","","","NA"
"-79.40","43.63","TORONTO CITY CENTRE","6158359","2021-08-21 23:00","2021","08","21","23:00","22.9","","19.1","","79","","0.0","","11","","5","","16.1","","100.25","","30","","","","NA"
"-79.40","43.63","TORONTO CITY CENTRE","6158359","2021-08-22 00:00","2021","08","22","00:00","24.0","","18.7","","72","","0.0","","8","","8","","16.1","","100.24","","31","","","","NA"
"-79.40","43.63","TORONTO CITY CENTRE","6158359","2021-08-22 01:00","2021","08","22","01:00","22.7","","19.0","","79","","0.0","","8","","5","","16.1","","100.25","","29","","","","NA"
"-79.40","43.63","TORONTO CITY CENTRE","6158359","2021-08-22 02:00","2021","08","22","02:00","23.7","","19.9","","79","","0.0","","","","0","","16.1","","100.25","","31","","","","NA"
"-79.40","43.63","TORONTO CITY CENTRE","6158359","2021-08-22 03:00","2021","08","22","03:00","22.2","","20.0","","87","","0.0","","9","","4","","16.1","","100.28","","30","","","","NA"
"-79.40","43.63","TORONTO CITY CENTRE","6158359","2021-08-22 04:00","2021","08","22","04:00","22.6","","19.7","","84","","0.0","","","","0","","16.1","","100.28","","30","","","","NA"
"-79.40","43.63","TORONTO CITY CENTRE","6158359","2021-08-22 05:00","2021","08","22","05:00","21.9","","19.9","","88","","0.0","","","","0","","16.1","","100.32","","29","","","","NA"
"-79.40","43.63","TORONTO CITY CENTRE","6158359","2021-08-22 06:00","2021","08","22","06:00","22.2","","19.8","","86","","0.0","","","M","4","","16.1","","100.38","","30","","","","NA"
"-79.40","43.63","TORONTO CITY CENTRE","6158359","2021-08-22 07:00","2021","08","22","07:00","24.2","","19.4","","74","","0.0","","31","","5","","16.1","","100.39","","31","","","","NA"
"-79.40","43.63","TORONTO CITY CENTRE","6158359","2021-08-22 08:00","2021","08","22","08:00","25.2","","20.3","","74","","0.0","","26","","5","","16.1","","100.42","","33","","","","NA"
"-79.40","43.63","TORONTO CITY CENTRE","6158359","2021-08-22 09:00","2021","08","22","09:00","27.8","","20.3","","63","","0.0","","29","","8","","16.1","","100.40","","36","","","","NA"
"-79.40","43.63","TORONTO CITY CENTRE","6158359","2021-08-22 10:00","2021","08","22","10:00","26.2","","21.0","","73","","0.0","","16","","15","","16.1","","100.38","","35","","","","NA"
"-79.40","43.63","TORONTO CITY CENTRE","6158359","2021-08-22 11:00","2021","08","22","11:00","26.3","","22.1","","77","","0.0","","18","","15","","16.1","","100.38","","36","","","","NA"
"-79.40","43.63","TORONTO CITY CENTRE","6158359","2021-08-22 12:00","2021","08","22","12:00","26.8","","21.9","","74","","0.0","","16","","11","","16.1","","100.36","","36","","","","NA"
"-79.40","43.63","TORONTO CITY CENTRE","6158359","2021-08-22 13:00","2021","08","22","13:00","27.6","","21.7","","70","","0.0","","12","","11","","16.1","","100.35","","37","","","","NA"
"-79.40","43.63","TORONTO CITY CENTRE","6158359","2021-08-22 14:00","2021","08","22","14:00","27.1","","20.9","","69","","0.0","","14","","8","","16.1","","100.31","","35","","","","NA"
"-79.40","43.63","TORONTO CITY CENTRE","6158359","2021-08-22 15:00","2021","08","22","15:00","26.6","","22.4","","77","","0.0","","21","","11","","16.1","","100.28","","36","","","","NA"
"-79.40","43.63","TORONTO CITY CENTRE","6158359","2021-08-22 16:00","2021","08","22","16:00","25.8","","23.0","","84","","0.0","","23","","8","","16.1","","100.25","","36","","","","NA"
"-79.40","43.63","TORONTO CITY CENTRE","6158359","2021-08-22 17:00","2021","08","22","17:00","26.1","","21.4","","75","","0.0","","26","","9","","16.1","","100.24","","35","","","","NA"
"-79.40","43.63","TORONTO CITY CENTRE","6158359","2021-08-22 18:00","2021","08","22","18:00","26.7","","18.6","","61","","0.0","","26","","9","","16.1","","100.25","","33","","","","NA"
"-79.40","43.63","TORONTO CITY CENTRE","6158359","2021-08-22 19:00","2021","08","22","19:00","25.9","","20.9","","74","","0.0","","23","","5","","16.1","","100.24","","34","","","","NA"
"-79.40","43.63","TORONTO CITY CENTRE","6158359","2021-08-22 20:00","2021","08","22","20:00","25.9","","20.8","","73","","0.0","","24","","5","","16.1","","100.25","","34","","","","NA"
"-79.40","43.63","TORONTO CITY CENTRE","6158359","2021-08-22 21:00","2021","08","22","21:00","27.8","","20.9","","66","","0.0","","34","","9","","16.1","","100.26","","36","","","","NA"
"-79.40","43.63","TORONTO CITY CENTRE","6158359","2021-08-22 22:00","2021","08","22","22:00","26.6","","20.5","","69","","0.0","","33","","11","","16.1","","100.24","","35","","","","NA"
"-79.40","43.63","TORONTO CITY CENTRE","6158359","2021-08-22 23:00","2021","08","22","23:00","26.0","","19.3","","66","","0.0","","32","","13","","16.1","","100.24","","33","","","","NA"
"-79.40","43.63","TORONTO CITY CENTRE","6158359","2021-08-23 00:00","2021","08","23","00:00","25.3","","20.0","","72","","0.0","","34","","17","","16.1","","100.22","","33","","","","NA"
"-79.40","43.63","TORONTO CITY CENTRE","6158359","2021-08-23 01:00","2021","08","23","01:00","25.2","","20.5","","75","","0.0","","33","","18","","16.1","","100.21","","33","","","","NA"
"-79.40","43.63","TORONTO CITY CENTRE","6158359","2021-08-23 02:00","2021","08","23","02:00","24.9","","20.9","","78","","0.0","","33","","18","","16.1","","100.18","","33","","","","NA"
"-79.40","43.63","TORONTO CITY CENTRE","6158359","2021-08-23 03:00","2021","08","23","03:00","24.4","","20.8","","80","","0.0","","33","","17","","16.1","","100.18","","33","","","","NA"
"-79.40","43.63","TORONTO CITY CENTRE","6158359","2021-08-23 04:00","2021","08","23","04:00","24.0","","20.8","","82","","0.0","","33","","18","","16.1","","100.17","","32","","","","NA"
"-79.40","43.63","TORONTO CITY CENTRE","6158359","2021-08-23 05:00","2021","08","23","05:00","23.9","","20.7","","82","","0.0","","33","","15","","16.1","","100.17","","32","","","","NA"
"-79.40","43.63","TORONTO CITY CENTRE","6158359","2021-08-23 06:00","2021","08","23","06:00","23.8","","20.9","","83","","0.0","","33","","17","","16.1","","100.22","","32","","","","NA"
"-79.40","43.63","TORONTO CITY CENTRE","6158359","2021-08-23 07:00","2021","08","23","07:00","24.5","","21.1","","81","","0.0","","34","","17","","16.1","","100.22","","33","","","","NA"
"-79.40","43.63","TORONTO CITY CENTRE","6158359","2021-08-23 08:00","2021","08","23","08:00","26.6","","21.8","","75","","0.0","","33","","13","","16.1","","100.23","","36","","","","NA"
"-79.40","43.63","TORONTO CITY CENTRE","6158359","2021-08-23 09:00","2021","08","23","09:00","28.5","","21.6","","66","","0.0","","36","","11","","16.1","","100.21","","37","","","","NA"
"-79.40","43.63","TORONTO CITY CENTRE","6158359","2021-08-23 10:00","2021","08","23","10:00","29.5","","22.3","","65","","0.0","","13","","8","","16.1","","100.23","","39","","","","NA"
"-79.40","43.63","TORONTO CITY CENTRE","6158359","2021-08-23 11:00","2021","08","23","11:00","28.8","","22.7","","69","","0.0","","14","","9","","16.1","","100.23","","39","","","","NA"
"-79.40","43.63","TORONTO CITY CENTRE","6158359","2021-08-23 12:00","2021","08","23","12:00","27.6","","23.6","","78","","0.0","","17","","17","","16.1","","100.18","","38","","","","NA"
"-79.40","43.63","TORONTO CITY CENTRE","6158359","2021-08-23 13:00","2021","08","23","13:00","28.0","","23.3","","75","","0.0","","18","","15","","16.1","","100.16","","39","","","","NA"
"-79.40","43.63","TORONTO CITY CENTRE","6158359","2021-08-23 14:00","2021","08","23","14:00","27.8","","23.2","","76","","0.0","","19","","15","","16.1","","100.16","","38","","","","NA"
"-79.40","43.63","TORONTO CITY CENTRE","6158359","2021-08-23 15:00","2021","08","23","15:00","27.5","","22.5","","74","","0.0","","19","","13","","16.1","","100.12","","37","","","","NA"
"-79.40","43.63","TORONTO CITY CENTRE","6158359","2021-08-23 16:00","2021","08","23","16:00","28.8","","21.7","","65","","0.0","","18","","13","","16.1","","100.11","","38","","","","NA"
"-79.40","43.63","TORONTO CITY CENTRE","6158359","2021-08-23 17:00","2021","08","23","17:00","28.8","","22.0","","66","","0.0","","","M","5","","16.1","","100.11","","38","","","","NA"
"-79.40","43.63","TORONTO CITY CENTRE","6158359","2021-08-23 18:00","2021","08","23","18:00","30.4","","17.8","","46","","0.0","","32","","13","","16.1","","100.13","","36","","","","NA"
"-79.40","43.63","TORONTO CITY CENTRE","6158359","2021-08-23 19:00","2021","08","23","19:00","28.6","","16.7","","48","","0.0","","33","","9","","16.1","","100.17","","34","","","","NA"
"-79.40","43.63","TORONTO CITY CENTRE","6158359","2021-08-23 20:00","2021","08","23","20:00","27.6","","17.3","","53","","0.0","","33","","11","","16.1","","100.23","","33","","","","NA"
"-79.40","43.63","TORONTO CITY CENTRE","6158359","2021-08-23 21:00","2021","08","23","21:00","26.3","","18.1","","60","","0.0","","33","","18","","16.1","","100.29","","32","","","","NA"
"-79.40","43.63","TORONTO CITY CENTRE","6158359","2021-08-23 22:00","2021","08","23","22:00","25.5","","18.8","","66","","0.0","","33","","15","","16.1","","100.33","","32","","","","NA"
"-79.40","43.63","TORONTO CITY CENTRE","6158359","2021-08-23 23:00","2021","08","23","23:00","24.5","","18.8","","70","","0.0","","31","","11","","16.1","","100.38","","31","","","","NA"
"-79.40","43.63","TORONTO CITY CENTRE","6158359","2021-08-24 00:00","2021","08","24","00:00","23.9","","18.9","","73","","0.0","","32","","15","","16.1","","100.42","","31","","","","NA"
"-79.40","43.63","TORONTO CITY CENTRE","6158359","2021-08-24 01:00","2021","08","24","01:00","23.0","","19.2","","79","","0.0","","25","","8","","16.1","","100.43","","30","","","","NA"
"-79.40","43.63","TORONTO CITY CENTRE","6158359","2021-08-24 02:00","2021","08","24","02:00","22.3","","19.2","","82","","0.0","","27","","8","","16.1","","100.45","","29","","","","NA"
"-79.40","43.63","TORONTO CITY CENTRE","6158359","2021-08-24 03:00","2021","08","24","03:00","21.9","","19.7","","87","","0.0","","26","","8","","16.1","","100.44","","29","","","","NA"
"-79.40","43.63","TORONTO CITY CENTRE","6158359","2021-08-24 04:00","2021","08","24","04:00","21.9","","19.8","","88","","0.0","","27","","5","","16.1","","100.45","","29","","","","NA"
"-79.40","43.63","TORONTO CITY CENTRE","6158359","2021-08-24 05:00","2021","08","24","05:00","21.3","","19.1","","87","","0.0","","25","","5","","16.1","","100.50","","28","","","","NA"
"-79.40","43.63","TORONTO CITY CENTRE","6158359","2021-08-24 06:00","2021","08","24","06:00","21.6","","19.0","","85","","0.0","","28","","4","","16.1","","100.55","","28","","","","NA"
"-79.40","43.63","TORONTO CITY CENTRE","6158359","2021-08-24 07:00","2021","08","24","07:00","22.7","","19.0","","79","","0.0","","25","","5","","16.1","","100.60","","29","","","","NA"
"-79.40","43.63","TORONTO CITY CENTRE","6158359","2021-08-24 08:00","2021","08","24","08:00","23.6","","19.0","","75","","0.0","","23","","8","","16.1","","100.62","","30","","","","NA"
"-79.40","43.63","TORONTO CITY CENTRE","6158359","2021-08-24 09:00","2021","08","24","09:00","24.5","","20.1","","76","","0.0","","20","","8","","16.1","","100.61","","32","","","","NA"
"-79.40","43.63","TORONTO CITY CENTRE","6158359","2021-08-24 10:00","2021","08","24","10:00","25.0","","20.6","","76","","0.0","","18","","11","","16.1","","100.62","","33","","","","NA"
"-79.40","43.63","TORONTO CITY CENTRE","6158359","2021-08-24 11:00","2021","08","24","11:00","25.2","","20.8","","76","","0.0","","18","","13","","16.1","","100.62","","33","","","","NA"
"-79.40","43.63","TORONTO CITY CENTRE","6158359","2021-08-24 12:00","2021","08","24","12:00","25.6","","21.3","","77","","0.0","","19","","13","","16.1","","100.62","","34","","","","NA"
"-79.40","43.63","TORONTO CITY CENTRE","6158359","2021-08-24 13:00","2021","08","24","13:00","27.0","","19.4","","63","","0.0","","18","","11","","16.1","","100.62","","34","","","","NA"
"-79.40","43.63","TORONTO CITY CENTRE","6158359","2021-08-24 14:00","2021","08","24","14:00","29.4","","19.4","","54","","0.0","","14","","13","","16.1","","100.58","","36","","","","NA"
"-79.40","43.63","TORONTO CITY CENTRE","6158359","2021-08-24 15:00","2021","08","24","15:00","29.4","","21.0","","60","","0.0","","14","","11","","16.1","","100.51","","38","","","","NA"
"-79.40","43.63","TORONTO CITY CENTRE","6158359","2021-08-24 16:00","2021","08","24","16:00","29.0","","21.0","","61","","0.0","","16","","21","","16.1","","100.47","","37","","","","NA"
"-79.40","43.63","TORONTO CITY CENTRE","6158359","2021-08-24 17:00","2021","08","24","17:00","28.0","","21.6","","68","","0.0","","17","","21","","16.1","","100.47","","37","","","","NA"
"-79.40","43.63","TORONTO CITY CENTRE","6158359","2021-08-24 18:00","2021","08","24","18:00","27.4","","22.6","","75","","0.0","","18","","21","","16.1","","100.45","","37","","","","NA"
"-79.40","43.63","TORONTO CITY CENTRE","6158359","2021-08-24 19:00","2021","08","24","19:00","26.1","","23.2","","84","","0.0","","29","","5","","16.1","","100.48","","37","","","","NA"
"-79.40","43.63","TORONTO CITY CENTRE","6158359","2021-08-24 20:00","2021","08","24","20:00","26.0","","22.4","","80","","0.0","","24","","4","","16.1","","100.57","","36","","","","NA"
"-79.40","43.63","TORONTO CITY CENTRE","6158359","2021-08-24 21:00","2021","08","24","21:00","25.4","","23.1","","87","","0.0","","22","","8","","16.1","","100.61","","36","","","","NA"
"-79.40","43.63","TORONTO CITY CENTRE","6158359","2021-08-24 22:00","2021","08","24","22:00","25.6","","22.0","","80","","0.0","","21","","8","","16.1","","100.62","","35","","","","NA"
"-79.40","43.63","TORONTO CITY CENTRE","6158359","2021-08-24 23:00","2021","08","24","23:00","26.3","","20.0","","68","","0.0","","27","","11","","16.1","","100.68","","34","","","","NA"
"-79.40","43.63","TORONTO CITY CENTRE","6158359","2021-08-25 00:00","2021","08","25","00:00","26.6","","19.4","","64","","0.0","","34","","8","","16.1","","100.67","","34","","","","NA"
"-79.40","43.63","TORONTO CITY CENTRE","6158359","2021-08-25 01:00","2021","08","25","01:00","24.5","","20.1","","76","","0.0","","","M","4","","16.1","","100.69","","32","","","","NA"
"-79.40","43.63","TORONTO CITY CENTRE","6158359","2021-08-25 02:00","2021","08","25","02:00","23.4","","20.8","","85","","0.0","","14","","5","","16.1","","100.66","","32","","","","NA"
"-79.40","43.63","TORONTO CITY CENTRE","6158359","2021-08-25 03:00","2021","08","25","03:00","23.9","","21.9","","88","","0.0","","18","","9","","16.1","","100.73","","33","","","","NA"
"-79.40","43.63","TORONTO CITY CENTRE","6158359","2021-08-25 04:00","2021","08","25","04:00","23.2","","21.9","","92","","0.0","","","M","4","","16.1","","100.76","","32","","","","NA"
"-79.40","43.63","TORONTO CITY CENTRE","6158359","2021-08-25 05:00","2021","08","25","05:00","23.8","","23.0","","95","","0.0","","","","0","","16.1","","100.76","","34","","","","NA"
"-79.40","43.63","TORONTO CITY CENTRE","6158359","2021-08-25 06:00","2021","08","25","06:00","23.9","","22.6","","92","","0.0","","24","","4","","16.1","","100.80","","34","","","","NA"
"-79.40","43.63","TORONTO CITY CENTRE","6158359","2021-08-25 07:00","2021","08","25","07:00","25.4","","22.7","","85","","0.0","","","M","4","","16.1","","100.80","","35","","","","NA"
"-79.40","43.63","TORONTO CITY CENTRE","6158359","2021-08-25 08:00","2021","08","25","08:00","25.6","","22.3","","82","","0.0","","20","","9","","16.1","","100.84","","35","","","","NA"
"-79.40","43.63","TORONTO CITY CENTRE","6158359","2021-08-25 09:00","2021","08","25","09:00","26.1","","22.4","","80","","0.0","","19","","8","","16.1","","100.85","","36","","","","NA"
"-79.40","43.63","TORONTO CITY CENTRE","6158359","2021-08-25 10:00","2021","08","25","10:00","26.8","","22.5","","77","","0.0","","17","","13","","16.1","","100.90","","37","","","","NA"
"-79.40","43.63","TORONTO CITY CENTRE","6158359","2021-08-25 11:00","2021","08","25","11:00","26.3","","23.4","","84","","0.0","","17","","11","","16.1","","100.90","","37","","","","NA"
"-79.40","43.63","TORONTO CITY CENTRE","6158359","2021-08-25 12:00","2021","08","25","12:00","27.6","","23.8","","80","","0.0","","21","","13","","16.1","","100.81","","39","","","","NA"
"-79.40","43.63","TORONTO CITY CENTRE","6158359","2021-08-25 13:00","2021","08","25","13:00","27.9","","23.2","","75","","0.0","","23","","5","","16.1","","100.77","","38","","","","NA"
"-79.40","43.63","TORONTO CITY CENTRE","6158359","2021-08-25 14:00","2021","08","25","14:00","26.4","","22.8","","81","","0.0","","18","","17","","16.1","","100.80","","36","","","","NA"
"-79.40","43.63","TORONTO CITY CENTRE","6158359","2021-08-25 15:00","2021","08","25","15:00","27.3","","23.5","","80","","0.0","","19","","22","","16.1","","100.77","","38","","","","NA"
"-79.40","43.63","TORONTO CITY CENTRE","6158359","2021-08-25 16:00","2021","08","25","16:00","26.6","","24.1","","86","","0.0","","20","","24","","16.1","","100.76","","38","","","","NA"
"-79.40","43.63","TORONTO CITY CENTRE","6158359","2021-08-25 17:00","2021","08","25","17:00","26.5","","23.6","","84","","0.0","","21","","21","","16.1","","100.76","","37","","","","NA"
"-79.40","43.63","TORONTO CITY CENTRE","6158359","2021-08-25 18:00","2021","08","25","18:00","26.0","","23.7","","87","","0.0","","20","","18","","16.1","","100.74","","37","","","","NA"
"-79.40","43.63","TORONTO CITY CENTRE","6158359","2021-08-25 19:00","2021","08","25","19:00","26.1","","23.1","","83","","0.0","","22","","13","","16.1","","100.74","","36","","","","NA"
"-79.40","43.63","TORONTO CITY CENTRE","6158359","2021-08-25 20:00","2021","08","25","20:00","25.6","","22.9","","85","","0.0","","24","","11","","16.1","","100.76","","36","","","","NA"
"-79.40","43.63","TORONTO CITY CENTRE","6158359","2021-08-25 21:00","2021","08","25","21:00","25.2","","22.9","","87","","0.0","","25","","11","","16.1","","100.80","","35","","","","NA"
"-79.40","43.63","TORONTO CITY CENTRE","6158359","2021-08-25 22:00","2021","08","25","22:00","24.9","","23.4","","91","","0.0","","18","","8","","16.1","","100.83","","36","","","","NA"
"-79.40","43.63","TORONTO CITY CENTRE","6158359","2021-08-25 23:00","2021","08","25","23:00","24.4","","22.7","","90","","0.0","","22","","11","","16.1","","100.88","","34","","","","NA"
"-79.40","43.63","TORONTO CITY CENTRE","6158359","2021-08-26 00:00","2021","08","26","00:00","24.5","","22.4","","88","","0.0","","24","","13","","16.1","","100.89","","34","","","","NA"
"-79.40","43.63","TORONTO CITY CENTRE","6158359","2021-08-26 01:00","2021","08","26","01:00","23.9","","22.6","","92","","0.0","","22","","13","","16.1","","100.91","","34","","","","NA"
"-79.40","43.63","TORONTO CITY CENTRE","6158359","2021-08-26 02:00","2021","08","26","02:00","24.0","","22.5","","91","","0.0","","22","","15","","16.1","","100.91","","34","","","","NA"
"-79.40","43.63","TORONTO CITY CENTRE","6158359","2021-08-26 03:00","2021","08","26","03:00","23.7","","22.2","","91","","0.0","","23","","11","","16.1","","100.91","","33","","","","NA"
"-79.40","43.63","TORONTO CITY CENTRE","6158359","2021-08-26 04:00","2021","08","26","04:00","23.4","","21.9","","91","","0.0","","23","","9","","16.1","","100.92","","33","","","","NA"
"-79.40","43.63","TORONTO CITY CENTRE","6158359","2021-08-26 05:00","2021","08","26","05:00","23.2","","21.3","","89","","0.0","","22","","11","","16.1","","100.94","","32","","","","NA"
"-79.40","43.63","TORONTO CITY CENTRE","6158359","2021-08-26 06:00","2021","08","26","06:00","23.4","","21.7","","90","","0.0","","22","","13","","16.1","","101.02","","32","","","","NA"
"-79.40","43.63","TORONTO CITY CENTRE","6158359","2021-08-26 07:00","2021","08","26","07:00","23.9","","21.9","","88","","0.0","","25","","9","","16.1","","101.05","","33","","","","NA"
"-79.40","43.63","TORONTO CITY CENTRE","6158359","2021-08-26 08:00","2021","08","26","08:00","24.0","","21.4","","85","","0.0","","22","","11","","16.1","","101.04","","33","","","","NA"
"-79.40","43.63","TORONTO CITY CENTRE","6158359","2021-08-26 09:00","2021","08","26","09:00","25.0","","22.1","","84","","0.0","","19","","13","","16.1","","101.01","","34","","","","NA"
"-79.40","43.63","TORONTO CITY CENTRE","6158359","2021-08-26 10:00","2021","08","26","10:00","25.3","","22.6","","85","","0.0","","21","","11","","16.1","","101.05","","35","","","","NA"
"-79.40","43.63","TORONTO CITY CENTRE","6158359","2021-08-26 11:00","2021","08","26","11:00","25.8","","23.3","","86","","0.0","","20","","13","","12.9","","101.02","","36","","","","NA"
"-79.40","43.63","TORONTO CITY CENTRE","6158359","2021-08-26 12:00","2021","08","26","12:00","27.5","","22.4","","73","","0.0","","20","","13","","16.1","","101.00","","37","","","","NA"
"-79.40","43.63","TORONTO CITY CENTRE","6158359","2021-08-26 13:00","2021","08","26","13:00","28.4","","22.6","","70","","0.0","","18","","11","","16.1","","100.97","","38","","","","NA"
"-79.40","43.63","TORONTO CITY CENTRE","6158359","2021-08-26 14:00","2021","08","26","14:00","28.2","","23.0","","73","","0.0","","19","","11","","16.1","","100.91","","38","","","","NA"
"-79.40","43.63","TORONTO CITY CENTRE","6158359","2021-08-26 15:00","2021","08","26","15:00","30.6","","22.0","","60","","0.0","","16","","9","","16.1","","100.87","","40","","","","NA"
"-79.40","43.63","TORONTO CITY CENTRE","6158359","2021-08-26 16:00","2021","08","26","16:00","23.4","","20.0","","81","","0.2","","27","","34","","16.1","","100.87","","31","","","","Thunderstorms,Moderate Rain"
"-79.40","43.63","TORONTO CITY CENTRE","6158359","2021-08-26 17:00","2021","08","26","17:00","25.6","","19.8","","70","","0.2","","27","","13","","16.1","","100.85","","33","","","","NA"
"-79.40","43.63","TORONTO CITY CENTRE","6158359","2021-08-26 18:00","2021","08","26","18:00","26.7","","20.1","","67","","0.0","","33","","9","","16.1","","100.87","","34","","","","NA"
"-79.40","43.63","TORONTO CITY CENTRE","6158359","2021-08-26 19:00","2021","08","26","19:00","25.3","","21.1","","77","","0.2","","27","","13","","16.1","","100.96","","34","","","","NA"
"-79.40","43.63","TORONTO CITY CENTRE","6158359","2021-08-26 20:00","2021","08","26","20:00","25.5","","20.9","","76","","0.0","","32","","11","","16.1","","100.94","","34","","","","NA"
"-79.40","43.63","TORONTO CITY CENTRE","6158359","2021-08-26 21:00","2021","08","26","21:00","26.5","","19.8","","66","","0.0","","34","","15","","16.1","","100.93","","34","","","","NA"
"-79.40","43.63","TORONTO CITY CENTRE","6158359","2021-08-26 22:00","2021","08","26","22:00","25.5","","19.5","","69","","0.2","","34","","13","","16.1","","100.92","","33","","","","NA"
"-79.40","43.63","TORONTO CITY CENTRE","6158359","2021-08-26 23:00","2021","08","26","23:00","25.1","","19.4","","70","","0.0","","34","","17","","16.1","","100.94","","32","","","","NA"
"-79.40","43.63","TORONTO CITY CENTRE","6158359","2021-08-27 00:00","2021","08","27","00:00","24.8","","18.3","","67","","0.0","","30","","9","","16.1","","101.03","","31","","","","NA"
"-79.40","43.63","TORONTO CITY CENTRE","6158359","2021-08-27 01:00","2021","08","27","01:00","24.4","","17.5","","65","","0.0","","34","","9","","16.1","","101.02","","30","","","","NA"
"-79.40","43.63","TORONTO CITY CENTRE","6158359","2021-08-27 02:00","2021","08","27","02:00","24.3","","16.4","","61","","0.0","","34","","13","","16.1","","101.00","","29","","","","NA"
"-79.40","43.63","TORONTO CITY CENTRE","6158359","2021-08-27 03:00","2021","08","27","03:00","24.1","","17.9","","68","","0.0","","34","","9","","16.1","","101.01","","30","","","","NA"
"-79.40","43.63","TORONTO CITY CENTRE","6158359","2021-08-27 04:00","2021","08","27","04:00","23.2","","18.4","","74","","0.0","","","","0","","16.1","","101.02","","30","","","","NA"
"-79.40","43.63","TORONTO CITY CENTRE","6158359","2021-08-27 05:00","2021","08","27","05:00","22.9","","17.2","","70","","0.0","","4","","22","","16.1","","101.02","","28","","","","NA"
"-79.40","43.63","TORONTO CITY CENTRE","6158359","2021-08-27 06:00","2021","08","27","06:00","22.2","","16.0","","68","","0.0","","6","","24","","16.1","","101.07","","27","","","","NA"
"-79.40","43.63","TORONTO CITY CENTRE","6158359","2021-08-27 07:00","2021","08","27","07:00","22.5","","15.5","","64","","0.0","","6","","24","","16.1","","101.17","","27","","","","NA"
"-79.40","43.63","TORONTO CITY CENTRE","6158359","2021-08-27 08:00","2021","08","27","08:00","22.3","","15.1","","63","","0.0","","6","","28","","16.1","","101.22","","26","","","","NA"
"-79.40","43.63","TORONTO CITY CENTRE","6158359","2021-08-27 09:00","2021","08","27","09:00","23.2","","16.1","","64","","0.0","","7","","26","","16.1","","101.25","","28","","","","NA"
"-79.40","43.63","TORONTO CITY CENTRE","6158359","2021-08-27 10:00","2021","08","27","10:00","23.8","","16.3","","62","","0.0","","6","","34","","16.1","","101.30","","29","","","","NA"
"-79.40","43.63","TORONTO CITY CENTRE","6158359","2021-08-27 11:00","2021","08","27","11:00","24.4","","16.1","","59","","0.0","","6","","32","","16.1","","101.30","","29","","","","NA"
"-79.40","43.63","TORONTO CITY CENTRE","6158359","2021-08-27 12:00","2021","08","27","12:00","24.2","","16.1","","60","","0.0","","7","","26","","16.1","","101.30","","29","","","","NA"
"-79.40","43.63","TORONTO CITY CENTRE","6158359","2021-08-27 13:00","2021","08","27","13:00","25.3","","15.6","","54","","0.0","","7","","24","","16.1","","101.24","","30","","","","NA"
"-79.40","43.63","TORONTO CITY CENTRE","6158359","2021-08-27 14:00","2021","08","27","14:00","24.9","","16.1","","58","","0.0","","7","","24","","16.1","","101.19","","30","","","","NA"
"-79.40","43.63","TORONTO CITY CENTRE","6158359","2021-08-27 15:00","2021","08","27","15:00","25.1","","16.5","","58","","0.0","","8","","17","","16.1","","101.16","","30","","","","NA"
"-79.40","43.63","TORONTO CITY CENTRE","6158359","2021-08-27 16:00","2021","08","27","16:00","24.8","","16.7","","60","","0.0","","8","","21","","16.1","","101.16","","30","","","","NA"
"-79.40","43.63","TORONTO CITY CENTRE","6158359","2021-08-27 17:00","2021","08","27","17:00","24.3","","17.2","","64","","0.0","","9","","13","","16.1","","101.15","","30","","","","NA"
"-79.40","43.63","TORONTO CITY CENTRE","6158359","2021-08-27 18:00","2021","08","27","18:00","24.3","","17.4","","65","","0.0","","9","","13","","16.1","","101.16","","30","","","","NA"
"-79.40","43.63","TORONTO CITY CENTRE","6158359","2021-08-27 19:00","2021","08","27","19:00","23.9","","18.0","","69","","0.0","","10","","13","","16.1","","101.14","","30","","","","NA"
"-79.40","43.63","TORONTO CITY CENTRE","6158359","2021-08-27 20:00","2021","08","27","20:00","23.6","","19.0","","75","","0.0","","11","","11","","16.1","","101.22","","30","","","","NA"
"-79.40","43.63","TORONTO CITY CENTRE","6158359","2021-08-27 21:00","2021","08","27","21:00","23.9","","18.9","","73","","0.0","","10","","17","","16.1","","101.29","","31","","","","NA"
"-79.40","43.63","TORONTO CITY CENTRE","6158359","2021-08-27 22:00","2021","08","27","22:00","24.0","","18.3","","70","","0.0","","10","","18","","16.1","","101.29","","30","","","","NA"
"-79.40","43.63","TORONTO CITY CENTRE","6158359","2021-08-27 23:00","2021","08","27","23:00","23.7","","17.5","","68","","0.0","","10","","13","","16.1","","101.28","","29","","","","NA"
"-79.40","43.63","TORONTO CITY CENTRE","6158359","2021-08-28 00:00","2021","08","28","00:00","23.1","","16.8","","67","","0.0","","9","","21","","16.1","","101.27","","28","","","","NA"
"-79.40","43.63","TORONTO CITY CENTRE","6158359","2021-08-28 01:00","2021","08","28","01:00","22.7","","17.0","","70","","0.0","","8","","22","","16.1","","101.25","","28","","","","NA"
"-79.40","43.63","TORONTO CITY CENTRE","6158359","2021-08-28 02:00","2021","08","28","02:00","22.4","","17.2","","72","","0.0","","8","","24","","16.1","","101.23","","28","","","","NA"
"-79.40","43.63","TORONTO CITY CENTRE","6158359","2021-08-28 03:00","2021","08","28","03:00","22.1","","17.1","","73","","0.0","","7","","26","","16.1","","101.21","","27","","","","NA"
"-79.40","43.63","TORONTO CITY CENTRE","6158359","2021-08-28 04:00","2021","08","28","04:00","20.5","","15.1","","71","","0.0","","6","","26","","16.1","","101.19","","25","","","","NA"
"-79.40","43.63","TORONTO CITY CENTRE","6158359","2021-08-28 05:00","2021","08","28","05:00","20.4","","15.9","","75","","0.0","","6","","24","","16.1","","101.17","","25","","","","NA"
"-79.40","43.63","TORONTO CITY CENTRE","6158359","2021-08-28 06:00","2021","08","28","06:00","21.3","","17.4","","78","","0.0","","7","","18","","16.1","","101.25","","27","","","","NA"
"-79.40","43.63","TORONTO CITY CENTRE","6158359","2021-08-28 07:00","2021","08","28","07:00","21.9","","18.0","","78","","0.0","","8","","17","","16.1","","101.27","","28","","","","NA"
"-79.40","43.63","TORONTO CITY CENTRE","6158359","2021-08-28 08:00","2021","08","28","08:00","22.3","","18.3","","78","","0.0","","8","","15","","16.1","","101.28","","29","","","","NA"
"-79.40","43.63","TORONTO CITY CENTRE","6158359","2021-08-28 09:00","2021","08","28","09:00","23.3","","18.3","","73","","0.0","","6","","17","","16.1","","101.28","","30","","","","NA"
"-79.40","43.63","TORONTO CITY CENTRE","6158359","2021-08-28 10:00","2021","08","28","10:00","22.9","","19.4","","80","","0.0","","7","","21","","16.1","","101.26","","30","","","","NA"
"-79.40","43.63","TORONTO CITY CENTRE","6158359","2021-08-28 11:00","2021","08","28","11:00","23.5","","19.4","","77","","0.0","","8","","18","","16.1","","101.22","","31","","","","NA"
"-79.40","43.63","TORONTO CITY CENTRE","6158359","2021-08-28 12:00","2021","08","28","12:00","24.2","","20.2","","78","","0.0","","8","","21","","16.1","","101.18","","32","","","","NA"
"-79.40","43.63","TORONTO CITY CENTRE","6158359","2021-08-28 13:00","2021","08","28","13:00","24.7","","20.8","","79","","0.0","","7","","17","","16.1","","101.20","","33","","","","NA"
"-79.40","43.63","TORONTO CITY CENTRE","6158359","2021-08-28 14:00","2021","08","28","14:00","24.7","","21.0","","80","","0.0","","8","","21","","16.1","","101.11","","33","","","","NA"
"-79.40","43.63","TORONTO CITY CENTRE","6158359","2021-08-28 15:00","2021","08","28","15:00","25.1","","21.5","","80","","0.0","","8","","21","","16.1","","101.04","","34","","","","NA"
"-79.40","43.63","TORONTO CITY CENTRE","6158359","2021-08-28 16:00","2021","08","28","16:00","25.3","","21.6","","80","","0.0","","7","","22","","16.1","","101.03","","34","","","","NA"
"-79.40","43.63","TORONTO CITY CENTRE","6158359","2021-08-28 17:00","2021","08","28","17:00","24.4","","21.5","","84","","0.0","","8","","22","","16.1","","101.02","","33","","","","NA"
"-79.40","43.63","TORONTO CITY CENTRE","6158359","2021-08-28 18:00","2021","08","28","18:00","23.8","","21.7","","88","","0.0","","7","","21","","16.1","","101.05","","33","","","","NA"
"-79.40","43.63","TORONTO CITY CENTRE","6158359","2021-08-28 19:00","2021","08","28","19:00","22.8","","20.6","","87","","0.0","","","","0","","16.1","","101.04","","31","","","","Thunderstorms,Rain"
"-79.40","43.63","TORONTO CITY CENTRE","6158359","2021-08-28 20:00","2021","08","28","20:00","22.7","","21.9","","95","","0.2","","10","","9","","14.5","","101.03","","32","","","","Rain"
"-79.40","43.63","TORONTO CITY CENTRE","6158359","2021-08-28 21:00","2021","08","28","21:00","22.8","","21.3","","91","","0.2","","","","0","","16.1","","101.03","","31","","","","NA"
"-79.40","43.63","TORONTO CITY CENTRE","6158359","2021-08-28 22:00","2021","08","28","22:00","22.2","","21.7","","97","","0.2","","","M","4","","14.5","","101.08","","31","","","","NA"
"-79.40","43.63","TORONTO CITY CENTRE","6158359","2021-08-28 23:00","2021","08","28","23:00","22.4","","21.9","","97","","0.0","","","","0","","12.9","","101.06","","32","","","","NA"
"-79.40","43.63","TORONTO CITY CENTRE","6158359","2021-08-29 00:00","2021","08","29","00:00","23.1","","21.9","","93","","0.0","","10","","9","","16.1","","101.07","","32","","","","NA"
"-79.40","43.63","TORONTO CITY CENTRE","6158359","2021-08-29 01:00","2021","08","29","01:00","23.1","","21.9","","93","","0.2","","9","","9","","16.1","","100.92","","32","","","","NA"
"-79.40","43.63","TORONTO CITY CENTRE","6158359","2021-08-29 02:00","2021","08","29","02:00","23.4","","22.3","","93","","0.0","","10","","9","","16.1","","100.83","","33","","","","NA"
"-79.40","43.63","TORONTO CITY CENTRE","6158359","2021-08-29 03:00","2021","08","29","03:00","23.4","","22.4","","94","","0.0","","8","","8","","16.1","","100.85","","33","","","","NA"
"-79.40","43.63","TORONTO CITY CENTRE","6158359","2021-08-29 04:00","2021","08","29","04:00","22.7","","22.2","","97","","0.0","","12","","5","","9.7","","100.86","","32","","","","Fog"
"-79.40","43.63","TORONTO CITY CENTRE","6158359","2021-08-29 05:00","2021","08","29","05:00","22.8","","22.3","","97","","0.2","","","","0","","6.4","","100.86","","32","","","","Fog"
"-79.40","43.63","TORONTO CITY CENTRE","6158359","2021-08-29 06:00","2021","08","29","06:00","21.9","","21.6","","98","","0.0","","13","","4","","4.8","","100.91","","31","","","","Fog"
"-79.40","43.63","TORONTO CITY CENTRE","6158359","2021-08-29 07:00","2021","08","29","07:00","23.9","","22.6","","92","","0.0","","14","","4","","16.1","","100.92","","34","","","","NA"
"-79.40","43.63","TORONTO CITY CENTRE","6158359","2021-08-29 08:00","2021","08","29","08:00","24.3","","23.2","","93","","0.0","","17","","5","","14.5","","100.93","","35","","","","NA"
"-79.40","43.63","TORONTO CITY CENTRE","6158359","2021-08-29 09:00","2021","08","29","09:00","24.9","","23.4","","91","","0.0","","20","","5","","16.1","","100.87","","36","","","","NA"
"-79.40","43.63","TORONTO CITY CENTRE","6158359","2021-08-29 10:00","2021","08","29","10:00","25.3","","23.5","","90","","0.0","","17","","11","","16.1","","100.82","","36","","","","NA"
"-79.40","43.63","TORONTO CITY CENTRE","6158359","2021-08-29 11:00","2021","08","29","11:00","26.6","","23.9","","85","","0.0","","17","","11","","16.1","","100.75","","38","","","","NA"
"-79.40","43.63","TORONTO CITY CENTRE","6158359","2021-08-29 12:00","2021","08","29","12:00","28.1","","23.6","","76","","0.0","","15","","11","","12.9","","100.66","","39","","","","NA"
"-79.40","43.63","TORONTO CITY CENTRE","6158359","2021-08-29 13:00","2021","08","29","13:00","28.3","","23.7","","76","","0.0","","15","","15","","16.1","","100.54","","39","","","","NA"
"-79.40","43.63","TORONTO CITY CENTRE","6158359","2021-08-29 14:00","2021","08","29","14:00","24.9","","22.4","","86","","0.0","","19","","21","","16.1","","100.48","","35","","","","NA"
"-79.40","43.63","TORONTO CITY CENTRE","6158359","2021-08-29 15:00","2021","08","29","15:00","27.8","","22.0","","70","","0.0","","18","","22","","16.1","","100.40","","37","","","","NA"
"-79.40","43.63","TORONTO CITY CENTRE","6158359","2021-08-29 16:00","2021","08","29","16:00","27.9","","23.3","","76","","0.0","","17","","18","","16.1","","100.32","","38","","","","NA"
"-79.40","43.63","TORONTO CITY CENTRE","6158359","2021-08-29 17:00","2021","08","29","17:00","27.1","","24.2","","84","","0.0","","17","","17","","16.1","","100.33","","39","","","","NA"
"-79.40","43.63","TORONTO CITY CENTRE","6158359","2021-08-29 18:00","2021","08","29","18:00","27.2","","23.5","","80","","0.0","","18","","21","","16.1","","100.25","","38","","","","NA"
"-79.40","43.63","TORONTO CITY CENTRE","6158359","2021-08-29 19:00","2021","08","29","19:00","26.6","","23.1","","81","","0.0","","20","","28","","16.1","","100.30","","37","","","","NA"
"-79.40","43.63","TORONTO CITY CENTRE","6158359","2021-08-29 20:00","2021","08","29","20:00","26.3","","23.1","","82","","0.0","","21","","28","","16.1","","100.32","","37","","","","NA"
"-79.40","43.63","TORONTO CITY CENTRE","6158359","2021-08-29 21:00","2021","08","29","21:00","25.1","","20.1","","73","","0.0","","25","","22","","16.1","","100.34","","33","","","","Rain"
"-79.40","43.63","TORONTO CITY CENTRE","6158359","2021-08-29 22:00","2021","08","29","22:00","23.7","","20.4","","81","","0.0","","27","","18","","16.1","","100.33","","32","","","","Rain"
"-79.40","43.63","TORONTO CITY CENTRE","6158359","2021-08-29 23:00","2021","08","29","23:00","22.8","","21.1","","90","","0.2","","22","","21","","16.1","","100.26","","31","","","","Rain"
"-79.40","43.63","TORONTO CITY CENTRE","6158359","2021-08-30 00:00","2021","08","30","00:00","22.6","","21.3","","92","","0.0","","24","","15","","16.1","","100.25","","31","","","","Rain"
"-79.40","43.63","TORONTO CITY CENTRE","6158359","2021-08-30 01:00","2021","08","30","01:00","22.8","","21.3","","91","","0.2","","23","","22","","16.1","","100.24","","31","","","","NA"
"-79.40","43.63","TORONTO CITY CENTRE","6158359","2021-08-30 02:00","2021","08","30","02:00","22.8","","21.1","","90","","0.0","","23","","22","","16.1","","100.23","","31","","","","NA"
"-79.40","43.63","TORONTO CITY CENTRE","6158359","2021-08-30 03:00","2021","08","30","03:00","22.4","","20.6","","90","","0.0","","23","","18","","16.1","","100.23","","30","","","","NA"
"-79.40","43.63","TORONTO CITY CENTRE","6158359","2021-08-30 04:00","2021","08","30","04:00","22.0","","20.7","","92","","0.0","","24","","13","","16.1","","100.21","","30","","","","NA"
"-79.40","43.63","TORONTO CITY CENTRE","6158359","2021-08-30 05:00","2021","08","30","05:00","22.1","","20.9","","93","","0.0","","24","","13","","16.1","","100.22","","30","","","","NA"
"-79.40","43.63","TORONTO CITY CENTRE","6158359","2021-08-30 06:00","2021","08","30","06:00","22.1","","20.7","","91","","0.2","","27","","8","","16.1","","100.27","","30","","","","NA"
"-79.40","43.63","TORONTO CITY CENTRE","6158359","2021-08-30 07:00","2021","08","30","07:00","22.9","","20.7","","87","","0.0","","26","","11","","16.1","","100.31","","31","","","","NA"
"-79.40","43.63","TORONTO CITY CENTRE","6158359","2021-08-30 08:00","2021","08","30","08:00","24.6","","17.1","","63","","0.0","","33","","17","","16.1","","100.30","","30","","","","NA"
"-79.40","43.63","TORONTO CITY CENTRE","6158359","2021-08-30 09:00","2021","08","30","09:00","26.1","","15.9","","53","","0.2","","28","","11","","16.1","","100.29","","31","","","","NA"
"-79.40","43.63","TORONTO CITY CENTRE","6158359","2021-08-30 10:00","2021","08","30","10:00","27.2","","13.6","","43","","0.0","","29","","15","","16.1","","100.26","","30","","","","NA"
"-79.40","43.63","TORONTO CITY CENTRE","6158359","2021-08-30 11:00","2021","08","30","11:00","25.8","","18.9","","65","","0.0","","20","","17","","16.1","","100.20","","32","","","","NA"
"-79.40","43.63","TORONTO CITY CENTRE","6158359","2021-08-30 12:00","2021","08","30","12:00","27.2","","15.4","","48","","0.0","","24","","15","","16.1","","100.17","","31","","","","NA"
"-79.40","43.63","TORONTO CITY CENTRE","6158359","2021-08-30 13:00","2021","08","30","13:00","26.8","","19.5","","64","","0.0","","21","","15","","16.1","","100.11","","34","","","","NA"
"-79.40","43.63","TORONTO CITY CENTRE","6158359","2021-08-30 14:00","2021","08","30","14:00","27.7","","15.0","","45","","0.0","","25","","15","","16.1","","100.04","","32","","","","NA"
"-79.40","43.63","TORONTO CITY CENTRE","6158359","2021-08-30 15:00","2021","08","30","15:00","27.9","","15.4","","46","","0.0","","26","","18","","16.1","","99.97","","32","","","","NA"
"-79.40","43.63","TORONTO CITY CENTRE","6158359","2021-08-30 16:00","2021","08","30","16:00","28.8","","14.1","","40","","0.0","","30","","21","","16.1","","99.94","","32","","","","NA"
"-79.40","43.63","TORONTO CITY CENTRE","6158359","2021-08-30 17:00","2021","08","30","17:00","27.5","","12.2","","38","","0.0","","28","","30","","16.1","","99.94","","30","","","","NA"
"-79.40","43.63","TORONTO CITY CENTRE","6158359","2021-08-30 18:00","2021","08","30","18:00","27.2","","12.9","","41","","0.0","","29","","24","","16.1","","99.97","","30","","","","NA"
"-79.40","43.63","TORONTO CITY CENTRE","6158359","2021-08-30 19:00","2021","08","30","19:00","25.8","","13.2","","45","","0.0","","29","","18","","16.1","","100.02","","29","","","","NA"
"-79.40","43.63","TORONTO CITY CENTRE","6158359","2021-08-30 20:00","2021","08","30","20:00","25.1","","13.6","","48","","0.0","","29","","18","","16.1","","100.06","","28","","","","NA"
"-79.40","43.63","TORONTO CITY CENTRE","6158359","2021-08-30 21:00","2021","08","30","21:00","23.6","","14.5","","56","","0.0","","28","","9","","16.1","","100.09","","27","","","","NA"
"-79.40","43.63","TORONTO CITY CENTRE","6158359","2021-08-30 22:00","2021","08","30","22:00","22.8","","14.8","","60","","0.0","","27","","9","","16.1","","100.08","","27","","","","NA"
"-79.40","43.63","TORONTO CITY CENTRE","6158359","2021-08-30 23:00","2021","08","30","23:00","22.4","","14.8","","62","","0.0","","28","","15","","16.1","","100.09","","26","","","","NA"
"-79.40","43.63","TORONTO CITY CENTRE","6158359","2021-08-31 00:00","2021","08","31","00:00","20.9","","15.2","","70","","0.0","","27","","9","","16.1","","100.09","","25","","","","NA"
"-79.40","43.63","TORONTO CITY CENTRE","6158359","2021-08-31 01:00","2021","08","31","01:00","20.8","","15.2","","70","","0.0","","27","","9","","16.1","","100.11","","25","","","","NA"
"-79.40","43.63","TORONTO CITY CENTRE","6158359","2021-08-31 02:00","2021","08","31","02:00","20.2","","15.5","","74","","0.0","","29","","11","","16.1","","100.10","","","","","","NA"
"-79.40","43.63","TORONTO CITY CENTRE","6158359","2021-08-31 03:00","2021","08","31","03:00","20.1","","15.3","","74","","0.0","","31","","9","","16.1","","100.08","","","","","","NA"
"-79.40","43.63","TORONTO CITY CENTRE","6158359","2021-08-31 04:00","2021","08","31","04:00","19.7","","15.4","","76","","0.0","","32","","8","","16.1","","100.08","","","","","","NA"
"-79.40","43.63","TORONTO CITY CENTRE","6158359","2021-08-31 05:00","2021","08","31","05:00","19.5","","15.6","","78","","0.0","","32","","9","","16.1","","100.09","","","","","","NA"
"-79.40","43.63","TORONTO CITY CENTRE","6158359","2021-08-31 06:00","2021","08","31","06:00","19.4","","15.7","","79","","0.0","","31","","11","","16.1","","100.10","","","","","","NA"
"-79.40","43.63","TORONTO CITY CENTRE","6158359","2021-08-31 07:00","2021","08","31","07:00","20.0","","15.0","","73","","0.0","","32","","17","","16.1","","100.11","","","","","","NA"
"-79.40","43.63","TORONTO CITY CENTRE","6158359","2021-08-31 08:00","2021","08","31","08:00","21.0","","14.7","","67","","0.0","","31","","15","","16.1","","100.09","","25","","","","NA"
"-79.40","43.63","TORONTO CITY CENTRE","6158359","2021-08-31 09:00","2021","08","31","09:00","22.0","","14.6","","63","","0.0","","31","","11","","16.1","","100.10","","26","","","","NA"
"-79.40","43.63","TORONTO CITY CENTRE","6158359","2021-08-31 10:00","2021","08","31","10:00","23.6","","15.4","","60","","0.0","","29","","5","","16.1","","100.15","","28","","","","NA"
"-79.40","43.63","TORONTO CITY CENTRE","6158359","2021-08-31 11:00","2021","08","31","11:00","23.5","","14.8","","58","","0.0","","30","","5","","16.1","","100.14","","27","","","","NA"
"-79.40","43.63","TORONTO CITY CENTRE","6158359","2021-08-31 12:00","2021","08","31","12:00","24.7","","13.2","","48","","0.0","","30","","11","","16.1","","100.10","","28","","","","NA"
"-79.40","43.63","TORONTO CITY CENTRE","6158359","2021-08-31 13:00","2021","08","31","13:00","23.3","","16.2","","64","","0.0","","21","","17","","16.1","","100.05","","28","","","","NA"
"-79.40","43.63","TORONTO CITY CENTRE","6158359","2021-08-31 14:00","2021","08","31","14:00","23.8","","15.9","","61","","0.0","","21","","15","","16.1","","100.01","","28","","","","NA"
"-79.40","43.63","TORONTO CITY CENTRE","6158359","2021-08-31 15:00","2021","08","31","15:00","25.1","","15.7","","56","","0.0","","","M","11","","16.1","","99.98","","30","","","","NA"
"-79.40","43.63","TORONTO CITY CENTRE","6158359","2021-08-31 16:00","2021","08","31","16:00","25.0","","12.6","","46","","0.0","","35","","15","","16.1","","99.99","","28","","","","NA"
"-79.40","43.63","TORONTO CITY CENTRE","6158359","2021-08-31 17:00","2021","08","31","17:00","24.1","","12.3","","47","","0.0","","36","","15","","16.1","","99.98","","27","","","","NA"
"-79.40","43.63","TORONTO CITY CENTRE","6158359","2021-08-31 18:00","2021","08","31","18:00","23.0","","11.5","","48","","0.0","","2","","13","","16.1","","100.03","","25","","","","NA"
"-79.40","43.63","TORONTO CITY CENTRE","6158359","2021-08-31 19:00","2021","08","31","19:00","22.2","","11.2","","49","","0.0","","33","","11","","16.1","","100.06","","","","","","NA"
"-79.40","43.63","TORONTO CITY CENTRE","6158359","2021-08-31 20:00","2021","08","31","20:00","21.2","","10.9","","52","","0.0","","33","","18","","16.1","","100.12","","","","","","NA"
"-79.40","43.63","TORONTO CITY CENTRE","6158359","2021-08-31 21:00","2021","08","31","21:00","20.4","","12.1","","59","","0.0","","32","","17","","16.1","","100.15","","","","","","NA"
"-79.40","43.63","TORONTO CITY CENTRE","6158359","2021-08-31 22:00","2021","08","31","22:00","20.3","","11.9","","58","","0.0","","35","","13","","16.1","","100.17","","","","","","NA"
"-79.40","43.63","TORONTO CITY CENTRE","6158359","2021-08-31 23:00","2021","08","31","23:00","19.7","","12.3","","62","","0.0","","35","","18","","16.1","","100.16","","","","","","NA"
